pack 100 904 268 1220
pack 1480 1688 1664 1948
pack 2092 300 2280 564
pack 1992 1016 2172 1260
pack 1800 1012 1980 1256
pack 2696 244 2888 560
pack 196 1632 380 1904
pack 576 288 764 552
pack 752 292 940 556
pack 2192 1024 2372 1268
pack 1856 1696 2040 1956
pack 1112 292 1300 556
pack 932 1656 1116 1916
pack 388 288 576 552
pack 2840 1712 3036 2024
pack 1896 296 2084 560
pack 1328 296 1516 560
pack 172 236 360 544
pack 2492 300 2696 564
pack 1300 1672 1484 1932
pack 2796 964 3000 1280
pack 1524 288 1712 552
pack 1660 1696 1844 1956
pack 728 1652 912 1924
pack 1112 1672 1296 1932
pack 1708 288 1896 552
pack 932 300 1120 564
pack 2932 248 3100 564
pack 2380 1016 2560 1276
pack 2292 304 2480 568
pack 544 1652 728 1924
pack 2628 1740 2832 2000
pack 372 1636 556 1908
pack 1412 1008 1592 1252
pack 680 984 860 1228
pack 1224 1000 1404 1244
pack 2580 976 2784 1292
pack 1592 1012 1772 1256
pack 308 980 488 1224
pack 500 984 680 1228
pack 1044 996 1224 1240
pack 860 984 1040 1228
pack 2456 1736 2660 1996
pack 2248 1724 2452 1984
pack 2052 1712 2236 1972
