pack 1988 1028 2200 1312
pack 2664 1608 2880 1948
pack 2384 376 2596 680
pack 2172 388 2384 664
pack 1764 1024 1976 1308
pack 1464 1660 1672 1948
pack 1960 392 2172 668
pack 192 1652 392 1944
pack 1760 388 1972 664
pack 1276 1652 1484 1940
pack 2424 1008 2636 1292
pack 1072 1600 1280 1936
pack 2600 368 2812 672
pack 2220 1008 2432 1292
pack 2448 1600 2664 1940
pack 384 1028 596 1312
pack 124 1032 336 1316
pack 2648 992 2860 1276
pack 876 1604 1084 1940
pack 632 1032 844 1316
pack 628 1640 836 1948
pack 2052 1652 2260 1940
pack 1864 1656 2072 1944
pack 1664 1648 1872 1936
pack 2256 1652 2464 1940
pack 1236 404 1448 680
pack 844 400 1056 676
pack 1040 396 1252 672
pack 368 400 580 676
pack 164 396 376 672
pack 400 1644 608 1952
