pack 732 2048 912 2276
pack 1224 1352 1388 1612
pack 2132 1060 2296 1280
pack 1836 1352 1992 1596
pack 1052 1680 1228 1928
pack 2140 1368 2280 1588
pack 1660 2016 1812 2240
pack 896 2032 1084 2284
pack 1508 2012 1652 2260
pack 1536 1376 1688 1588
pack 920 1384 1084 1612
pack 1976 1076 2140 1296
pack 1948 1996 2120 2236
pack 1220 1676 1376 1948
pack 764 1332 928 1608
pack 2132 712 2296 952
pack 1232 2044 1364 2276
pack 1364 1648 1532 1916
pack 1520 708 1684 956
pack 748 672 912 936
pack 1052 676 1216 940
pack 1800 2004 1976 2252
pack 1376 1040 1540 1292
pack 920 1012 1084 1264
pack 1972 1700 2124 1920
pack 1832 1036 1996 1288
pack 1224 1040 1388 1272
pack 1680 708 1844 956
pack 1368 688 1532 952
pack 1068 1384 1232 1612
pack 744 1676 912 1956
pack 740 1040 904 1268
pack 1672 1024 1836 1276
pack 1988 1376 2128 1596
pack 2096 2000 2252 2240
pack 1376 1384 1528 1604
pack 1536 1032 1700 1284
pack 1832 692 1996 960
pack 904 676 1068 940
pack 1360 2032 1516 2252
pack 1212 680 1376 944
pack 2100 1688 2272 1932
pack 1068 2016 1232 2264
pack 904 1692 1056 1936
pack 1692 1364 1840 1596
pack 1984 736 2148 948
pack 1652 1708 1836 1936
pack 1528 1704 1656 1924
