pack 1080 1532 1256 1756
pack 2576 868 2752 1140
pack 2684 236 2816 504
pack 1876 904 2040 1132
pack 596 280 772 500
pack 1608 280 1784 500
pack 2212 900 2376 1128
pack 416 276 592 496
pack 1756 1528 1932 1792
pack 1080 288 1256 508
pack 216 220 436 504
pack 1700 904 1864 1132
pack 752 280 928 500
pack 908 1532 1084 1756
pack 152 848 296 1116
pack 396 1532 572 1756
pack 2120 276 2284 508
pack 2292 276 2464 500
pack 232 1512 404 1756
pack 2044 900 2208 1128
pack 1260 276 1436 496
pack 736 1532 912 1756
pack 1596 1528 1772 1752
pack 2464 1552 2640 1816
pack 1768 280 1944 500
pack 2472 236 2628 504
pack 1440 276 1616 496
pack 1952 276 2116 508
pack 572 1532 748 1756
pack 1420 1536 1596 1760
pack 916 276 1092 496
pack 1256 1528 1432 1752
pack 2636 1512 2812 1808
pack 1196 896 1360 1124
pack 1360 896 1524 1124
pack 1528 896 1692 1124
pack 688 892 852 1120
pack 860 892 1024 1120
pack 352 896 516 1124
pack 2400 872 2576 1144
pack 1016 900 1180 1128
pack 520 900 684 1128
pack 1940 1536 2116 1800
pack 2300 1540 2476 1804
pack 2128 1536 2304 1800
