pack 1780 428 1984 724
pack 1256 1708 1460 2008
pack 1036 1660 1240 1980
pack 576 1704 780 2000
pack 1992 444 2196 740
pack 2440 1080 2644 1376
pack 2660 1084 2864 1380
pack 332 1064 536 1360
pack 2424 436 2628 732
pack 612 1068 816 1364
pack 92 1068 296 1364
pack 2660 1680 2864 2016
pack 2648 432 2852 728
pack 1440 1712 1644 2012
pack 2000 1080 2204 1376
pack 1776 1080 1980 1376
pack 836 1656 1040 1976
pack 2196 440 2400 736
pack 140 1696 344 1992
pack 2456 1684 2660 2020
pack 2228 1080 2432 1376
pack 2036 1728 2240 2028
pack 1844 1712 2048 2012
pack 2256 1732 2460 2032
pack 1648 1708 1852 2008
pack 320 424 524 720
pack 100 404 304 700
pack 1244 428 1448 724
pack 820 424 1024 720
pack 1036 420 1240 716
pack 356 1684 560 1980
