pack 140 1732 360 2028
pack 2644 1712 2852 2040
pack 1976 1116 2196 1412
pack 80 1104 300 1400
pack 2612 1092 2832 1388
pack 848 1684 1056 2028
pack 1756 484 1976 780
pack 2368 476 2588 772
pack 340 1104 560 1400
pack 1040 1692 1248 2036
pack 596 1104 816 1400
pack 2144 488 2364 784
pack 1748 1120 1968 1416
pack 1440 1744 1648 2036
pack 580 1736 800 2032
pack 1240 1744 1448 2036
pack 1952 480 2172 776
pack 2396 1108 2616 1404
pack 2572 472 2792 768
pack 2180 1120 2400 1416
pack 2424 1708 2632 2036
pack 2224 1756 2432 2048
pack 1636 1748 1844 2040
pack 1828 1748 2036 2040
pack 2012 1752 2220 2044
pack 1220 472 1440 768
pack 804 472 1024 768
pack 316 480 536 776
pack 112 456 332 752
pack 1024 472 1244 768
pack 356 1736 576 2032
