pack 296 836 488 1092
pack 1600 796 1792 1052
pack 656 116 832 384
pack 1640 116 1796 380
pack 1592 472 1784 728
pack 1288 820 1480 1076
pack 472 832 664 1088
pack 1480 104 1636 368
pack 1440 816 1632 1072
pack 1172 136 1332 376
pack 816 108 992 376
pack 1800 128 1956 392
pack 636 436 832 736
pack 1764 812 1956 1068
pack 336 80 512 376
pack 1132 804 1324 1060
pack 812 448 1008 748
pack 304 440 500 740
pack 508 120 684 388
pack 1760 468 1952 724
pack 972 828 1164 1084
pack 1000 132 1160 372
pack 976 428 1172 728
pack 816 820 1008 1076
pack 660 812 852 1068
pack 472 452 668 752
pack 1324 132 1484 372
pack 1120 464 1312 720
pack 1284 476 1476 732
