pack 648 1244 844 1516
pack 888 32 1072 336
pack 2256 1236 2460 1496
pack 708 408 900 720
pack 1240 108 1404 336
pack 1556 1200 1752 1472
pack 2120 464 2312 740
pack 1044 800 1248 1124
pack 1596 456 1784 716
pack 2300 480 2476 732
pack 680 820 880 1132
pack 1400 468 1596 740
pack 2124 104 2316 376
pack 1936 60 2140 360
pack 1416 56 1608 360
pack 1608 80 1780 340
pack 1404 792 1584 1116
pack 1736 1212 1932 1484
pack 1952 436 2108 712
pack 1784 60 1936 336
pack 1932 1240 2128 1492
pack 2092 1196 2296 1516
pack 2300 100 2492 372
pack 680 76 872 348
pack 852 1236 1048 1508
pack 892 456 1060 724
pack 1244 800 1420 1124
pack 2288 848 2468 1100
pack 2108 840 2288 1092
pack 1224 436 1420 756
pack 1056 468 1240 720
pack 1384 1224 1580 1496
pack 1220 1240 1416 1512
pack 1056 1204 1252 1476
pack 856 828 1048 1112
pack 1772 468 1964 724
pack 1732 852 1940 1104
pack 1560 852 1756 1120
