pack 2252 748 2456 1028
pack 640 1992 844 2272
pack 1796 2012 2000 2292
pack 224 744 424 1024
pack 428 736 628 1016
pack 2236 2028 2440 2308
pack 144 2008 348 2288
pack 2212 1392 2416 1672
pack 392 1996 596 2276
pack 628 748 828 1028
pack 1992 1384 2196 1664
pack 2456 752 2660 1032
pack 2008 2016 2212 2296
pack 2420 1388 2624 1668
pack 2632 1400 2836 1680
pack 2692 744 2896 1024
pack 2644 2004 2848 2284
pack 1808 1384 2012 1664
pack 2444 2028 2648 2308
pack 1120 752 1324 1032
pack 1788 752 1992 1032
pack 428 1376 632 1656
pack 1292 1376 1496 1656
pack 2028 764 2232 1044
pack 1320 740 1524 1020
pack 1088 1372 1292 1652
pack 1592 744 1796 1024
pack 924 772 1128 1052
pack 884 1360 1088 1640
pack 232 1368 436 1648
