pack 2668 1080 2872 1360
pack 8 260 180 572
pack 816 1692 992 1988
pack 2400 312 2624 604
pack 452 1716 652 1984
pack 1868 1068 2064 1336
pack 2140 1764 2324 2056
pack 2864 1036 3088 1368
pack 912 1040 1108 1308
pack 2196 316 2420 584
pack 1096 1044 1292 1312
pack 1808 324 2032 592
pack 324 1044 520 1312
pack 1480 1056 1676 1324
pack 2832 260 3056 604
pack 1992 320 2216 588
pack 1572 1696 1756 2020
pack 2344 1772 2528 2064
pack 92 1664 292 1988
pack 1664 1064 1860 1332
pack 1284 1056 1480 1324
pack 140 1004 336 1300
pack 268 1712 468 1980
pack 524 1044 720 1312
pack 640 1724 824 1992
pack 716 1048 912 1316
pack 1176 316 1400 584
pack 1384 320 1608 588
pack 796 316 1020 584
pack 2632 256 2856 600
pack 592 316 816 584
pack 1580 320 1804 588
pack 228 308 416 576
pack 412 316 616 584
pack 996 324 1220 592
pack 2752 1784 2936 2076
pack 1184 1736 1368 2024
pack 1016 1736 1192 2024
pack 1764 1736 1948 2028
pack 1956 1756 2140 2048
pack 2548 1776 2732 2068
pack 1376 1696 1560 2020
pack 2476 1076 2672 1344
pack 2072 1072 2268 1340
pack 2272 1080 2468 1348
