pack 644 892 860 1164
pack 2292 128 2496 416
pack 2272 520 2480 784
pack 1920 1252 2108 1544
pack 1748 1256 1936 1548
pack 2092 860 2280 1152
pack 1592 96 1796 408
pack 2080 524 2288 788
pack 1544 876 1732 1164
pack 1236 1268 1424 1560
pack 2280 1236 2468 1528
pack 1552 1248 1740 1540
pack 652 456 856 776
pack 1200 76 1404 388
pack 1744 872 1932 1160
pack 2112 116 2316 404
pack 1204 896 1392 1184
pack 1028 116 1232 388
pack 660 52 864 392
pack 1400 88 1604 400
pack 1068 1272 1256 1564
pack 828 896 1044 1168
pack 1024 468 1232 772
pack 1380 460 1588 764
pack 2272 896 2460 1152
pack 1912 900 2100 1156
pack 1920 84 2124 396
pack 1208 472 1416 776
pack 672 1280 860 1572
pack 868 108 1072 380
pack 2116 1240 2304 1532
pack 1396 1268 1584 1560
pack 1396 888 1584 1176
pack 1052 864 1216 1152
pack 840 488 1048 772
pack 1748 96 1952 408
pack 1732 508 1940 772
pack 1556 512 1764 776
pack 876 1264 1064 1556
