pack 648 2076 836 2348
pack 1760 892 1924 1172
pack 1912 2060 2084 2340
pack 1408 508 1584 804
pack 1608 1276 1792 1560
pack 2112 1264 2296 1548
pack 1404 1276 1588 1560
pack 876 492 1072 772
pack 2108 1676 2280 1948
pack 1564 2032 1736 2312
pack 892 868 1080 1152
pack 688 500 884 780
pack 2104 956 2268 1196
pack 2088 2028 2260 2336
pack 1604 912 1768 1192
pack 700 1224 872 1556
pack 1040 1656 1224 1940
pack 1240 932 1416 1188
pack 2276 928 2448 1180
pack 1232 492 1408 788
pack 1060 492 1236 788
pack 1924 1264 2108 1548
pack 1216 1260 1400 1544
pack 1948 520 2124 804
pack 668 1656 852 1940
pack 1936 908 2100 1200
pack 2300 1276 2484 1560
pack 876 1288 1060 1552
pack 2276 2056 2448 2336
pack 1744 2032 1916 2312
pack 1048 1292 1232 1556
pack 1572 548 1748 800
pack 1420 896 1584 1176
pack 1764 552 1940 804
pack 2280 1680 2452 1952
pack 696 892 884 1160
pack 1232 1652 1416 1960
pack 2264 544 2452 812
pack 1412 1620 1596 1936
pack 856 2076 1044 2348
pack 1212 2072 1384 2352
pack 1064 2032 1224 2344
pack 1396 2056 1568 2336
pack 856 1648 1040 1932
pack 1748 1276 1932 1560
pack 2100 560 2288 812
pack 1568 1668 1740 1940
pack 1740 1672 1912 1944
