pack 2516 272 2724 552
pack 2292 272 2500 552
pack 2864 976 3084 1328
pack 1300 268 1508 548
pack 1696 260 1904 540
pack 356 272 564 552
pack 2004 1000 2224 1300
pack 1888 268 2096 548
pack 64 932 204 1224
pack 2412 1012 2632 1312
pack 132 240 356 544
pack 2964 220 3144 540
pack 1800 992 2020 1292
pack 1096 264 1304 544
pack 2744 212 2924 532
pack 2096 268 2304 548
pack 540 276 748 556
pack 720 272 928 552
pack 900 272 1108 552
pack 1516 260 1724 540
pack 2208 1004 2428 1304
pack 640 972 836 1264
pack 836 972 1032 1264
pack 448 968 644 1260
pack 2640 968 2860 1320
pack 1600 984 1820 1284
pack 1400 976 1620 1276
pack 1212 988 1408 1280
pack 1024 976 1220 1268
pack 276 964 472 1256
