pack 824 1180 1008 1488
pack 936 512 1144 784
pack 520 508 744 788
pack 1512 540 1720 812
pack 2936 544 3156 868
pack 648 1192 832 1472
pack 720 508 944 788
pack 96 1128 288 1432
pack 1712 544 1920 816
pack 284 1184 468 1468
pack 2372 1304 2564 1576
pack 1908 552 2124 836
pack 2736 584 2952 868
pack 468 1188 652 1468
pack 1120 524 1328 796
pack 1588 1208 1780 1524
pack 2176 1288 2368 1572
pack 320 500 544 780
pack 116 488 340 768
pack 1312 532 1520 804
pack 1200 1232 1400 1516
pack 1984 1264 2176 1548
pack 1788 1252 1980 1536
pack 1384 1208 1576 1516
pack 2572 1312 2764 1584
pack 1016 1220 1208 1488
pack 2784 1316 2976 1588
pack 2320 568 2536 852
pack 2532 576 2748 860
pack 2116 560 2332 844
