pack 40 416 248 760
pack 2556 1172 2792 1544
pack 2088 1160 2324 1532
pack 1848 1112 2068 1520
pack 716 416 924 760
pack 940 380 1152 776
pack 916 1152 1152 1532
pack 1384 1160 1620 1540
pack 2112 436 2348 816
pack 256 416 464 760
pack 3016 1168 3252 1540
pack 496 420 704 764
pack 1636 436 1872 816
pack 692 1148 928 1528
pack 1400 416 1636 796
pack 3024 436 3260 816
pack 2804 440 3040 820
pack 2792 1176 3028 1548
pack 1872 424 2108 804
pack 2324 1172 2560 1544
pack 1608 1156 1844 1536
pack 2344 432 2580 812
pack 1160 416 1396 796
pack 1148 1160 1384 1540
pack 2572 440 2808 820
pack 8 1128 244 1508
pack 460 1136 696 1516
pack 228 1136 464 1516
