pack 644 1212 836 1460
pack 1156 460 1332 752
pack 1164 1872 1332 2132
pack 1200 1560 1368 1800
pack 1852 88 2008 388
pack 1176 1212 1344 1452
pack 2188 132 2356 380
pack 644 820 832 1124
pack 1012 488 1172 724
pack 1028 1552 1196 1792
pack 2004 140 2176 396
pack 1512 88 1688 372
pack 984 1884 1152 2144
pack 608 92 812 344
pack 656 428 828 744
pack 2012 492 2168 732
pack 2168 484 2340 736
pack 820 1204 1012 1452
pack 1664 1524 1832 1784
pack 1824 1516 1992 1776
pack 1164 820 1340 1112
pack 812 492 1012 752
pack 844 1872 1012 2132
pack 1652 1180 1820 1420
pack 1668 72 1836 380
pack 1808 1196 1976 1436
pack 1520 496 1676 732
pack 988 812 1176 1088
pack 2116 1200 2284 1440
pack 2156 852 2332 1092
pack 1984 856 2160 1096
pack 656 1596 824 1836
pack 1324 96 1524 380
pack 1844 452 2020 716
pack 1488 1180 1656 1420
pack 1968 1188 2136 1428
pack 1328 804 1504 1096
pack 1160 120 1340 372
pack 808 52 992 352
pack 1332 492 1508 756
pack 2128 1508 2296 1768
pack 1488 1516 1656 1776
pack 672 1876 840 2136
pack 1984 1892 2120 2124
pack 2124 1892 2288 2124
pack 1648 1860 1816 2120
pack 1980 1508 2148 1768
pack 1324 1208 1492 1448
pack 1336 1552 1504 1792
pack 1012 1188 1180 1460
pack 812 844 1000 1092
pack 1684 488 1848 728
pack 1480 860 1656 1100
pack 1648 856 1824 1096
pack 868 1564 1036 1804
