pack 356 1604 488 1812
pack 1220 192 1344 368
pack 1544 676 1676 856
pack 1344 192 1468 368
pack 1744 176 1868 352
pack 676 1148 816 1336
pack 608 1608 740 1816
pack 2004 1168 2144 1356
pack 548 1148 688 1336
pack 1192 1152 1332 1340
pack 1480 192 1604 368
pack 1408 672 1540 852
pack 1892 184 2016 360
pack 936 192 1060 368
pack 2080 644 2236 860
pack 1612 184 1736 360
pack 728 1588 848 1820
pack 2192 140 2292 356
pack 412 1136 552 1324
pack 1076 192 1200 368
pack 280 1136 420 1324
pack 1452 1152 1592 1340
pack 1668 680 1800 860
pack 1060 1148 1200 1336
pack 224 1572 356 1800
pack 260 164 416 356
pack 928 1144 1068 1332
pack 1324 1148 1464 1336
pack 552 188 676 364
pack 1936 644 2092 860
pack 624 664 760 852
pack 1648 1644 1788 1852
pack 808 192 932 368
pack 484 1604 616 1812
pack 2140 1144 2272 1352
pack 804 1144 944 1332
pack 220 628 328 844
pack 2028 144 2160 360
pack 420 192 544 368
pack 1792 1648 1932 1856
pack 1256 1604 1384 1828
pack 1804 676 1936 856
pack 680 192 804 368
pack 360 664 496 852
pack 1272 668 1404 848
pack 484 664 620 852
pack 756 664 892 852
pack 1136 668 1268 848
pack 1004 668 1136 848
pack 888 664 1020 844
pack 988 1616 1128 1832
pack 1528 1636 1668 1844
pack 2076 1664 2216 1872
pack 1388 1624 1528 1832
pack 1120 1604 1252 1840
pack 1940 1664 2080 1872
pack 868 1620 1008 1836
pack 1864 1168 2004 1356
pack 1592 1156 1732 1344
pack 1724 1160 1864 1348
