pack 376 1588 580 1884
pack 2448 1584 2652 1880
pack 2612 944 2816 1240
pack 1788 960 1992 1256
pack 1980 956 2184 1252
pack 2192 956 2396 1252
pack 356 316 560 612
pack 124 1584 328 1880
pack 1996 1588 2200 1884
pack 2236 308 2440 604
pack 2660 1572 2864 1868
pack 156 312 360 608
pack 2408 952 2612 1248
pack 568 316 772 612
pack 2244 1588 2448 1884
pack 2672 300 2876 596
pack 640 1592 844 1888
pack 2448 300 2652 596
pack 1788 1588 1992 1884
pack 1552 324 1756 620
pack 1276 316 1480 612
pack 1772 320 1976 616
pack 1080 324 1284 620
pack 368 964 572 1260
pack 164 956 368 1252
pack 1996 316 2200 612
pack 1060 964 1264 1260
pack 1260 968 1464 1264
pack 860 320 1064 616
pack 852 964 1056 1260
