pack 984 1456 1152 1692
pack 2256 888 2420 1112
pack 412 2040 580 2292
pack 2040 2136 2216 2372
pack 1652 1492 1820 1728
pack 2228 2136 2392 2372
pack 1308 1476 1476 1712
pack 816 256 984 484
pack 1756 888 1920 1112
pack 1536 2060 1712 2324
pack 808 1460 976 1696
pack 660 1464 828 1700
pack 984 256 1152 484
pack 2360 264 2528 492
pack 2660 1480 2828 1760
pack 2088 896 2252 1120
pack 576 2052 744 2304
pack 2480 1528 2648 1764
pack 2616 852 2784 1124
pack 1672 260 1840 488
pack 2748 208 2876 480
pack 716 2064 884 2316
pack 1136 1472 1304 1708
pack 1148 256 1316 484
pack 484 1460 652 1696
pack 2012 260 2180 488
pack 2172 256 2340 484
pack 496 260 664 488
pack 1916 888 2080 1112
pack 2524 212 2692 484
pack 1500 256 1668 484
pack 248 1992 416 2272
pack 660 252 828 480
pack 1804 1488 1972 1724
pack 1828 264 1996 492
pack 320 1444 488 1680
pack 1328 260 1496 488
pack 1476 1488 1644 1724
pack 300 200 496 468
pack 880 2012 1028 2300
pack 244 804 372 1076
pack 1584 884 1748 1108
pack 424 860 588 1084
pack 1256 876 1420 1100
pack 588 868 752 1092
pack 1084 876 1248 1100
pack 920 872 1084 1096
pack 756 868 920 1092
pack 2436 848 2604 1120
pack 1408 880 1572 1104
pack 1716 2096 1892 2360
pack 1368 2052 1528 2348
pack 1880 2108 2056 2372
pack 1208 2088 1372 2328
pack 2572 2156 2736 2392
pack 2396 2144 2560 2380
pack 1052 2084 1216 2324
pack 1980 1500 2148 1736
pack 2152 1508 2320 1744
pack 2316 1516 2484 1752
