pack 448 372 664 664
pack 1820 392 2036 684
pack 820 380 1036 672
pack 36 320 252 652
pack 244 376 460 668
pack 632 372 848 664
pack 2772 1120 2992 1440
pack 2020 396 2236 688
pack 2912 360 3076 688
pack 1020 388 1236 680
pack 2652 364 2868 692
pack 1228 376 1444 668
pack 2332 1160 2528 1420
pack 1928 1140 2124 1400
pack 1732 1136 1928 1396
pack 2144 1148 2340 1408
pack 2448 396 2664 688
pack 1636 388 1852 680
pack 1428 376 1644 668
pack 2232 404 2448 696
pack 148 1100 364 1344
pack 356 1100 552 1360
pack 1524 1128 1720 1388
pack 548 1100 744 1360
pack 1336 1120 1532 1380
pack 744 1104 940 1364
pack 936 1116 1132 1376
pack 1124 1116 1320 1376
pack 2532 1108 2752 1428
