pack 2348 984 2552 1316
pack 480 348 672 648
pack 2104 996 2308 1328
pack 2592 1632 2796 1964
pack 1924 1604 2128 1936
pack 2756 976 2960 1308
pack 660 332 852 632
pack 1896 988 2100 1320
pack 2364 1632 2568 1964
pack 2524 996 2728 1328
pack 744 1600 948 1932
pack 228 1596 432 1928
pack 2812 320 3016 652
pack 2364 320 2568 652
pack 472 1612 676 1944
pack 268 336 460 636
pack 2828 1588 3032 1920
pack 2124 1616 2328 1948
pack 2616 304 2820 636
pack 1156 976 1360 1308
pack 1388 356 1580 656
pack 960 972 1164 1304
pack 500 980 704 1312
pack 284 980 488 1312
pack 2124 324 2328 656
pack 1368 972 1572 1304
pack 984 356 1176 656
pack 1904 356 2096 656
pack 1196 360 1388 660
pack 1680 348 1872 648
