pack 188 788 360 1044
pack 988 744 1160 1000
pack 1132 1084 1304 1340
pack 1596 100 1768 348
pack 668 96 840 336
pack 196 1124 368 1380
pack 1596 432 1768 688
pack 1432 420 1604 676
pack 368 780 540 1036
pack 1428 748 1600 1004
pack 1596 1060 1768 1316
pack 364 104 536 344
pack 832 412 1004 668
pack 680 1096 852 1352
pack 200 416 372 696
pack 548 1100 720 1356
pack 676 772 848 1028
pack 1452 84 1624 332
pack 684 440 856 696
pack 520 416 692 672
pack 188 48 376 340
pack 1584 752 1756 1008
pack 520 108 692 348
pack 1132 752 1304 1008
pack 1300 1096 1472 1352
pack 1280 768 1452 1024
pack 960 1084 1132 1340
pack 1304 80 1476 328
pack 1000 112 1172 352
pack 828 100 1000 340
pack 1448 1072 1620 1328
pack 820 1092 992 1348
pack 828 768 1000 1024
pack 532 764 704 1020
pack 352 424 524 680
pack 1156 108 1328 348
pack 1136 432 1308 688
pack 980 432 1152 688
pack 376 1100 548 1356
