pack 512 528 708 804
pack 916 904 1096 1172
pack 1800 904 1984 1184
pack 876 1228 1060 1516
pack 1260 84 1456 408
pack 728 1240 912 1528
pack 1420 876 1604 1156
pack 1072 1260 1256 1520
pack 1764 528 1960 804
pack 2140 132 2336 408
pack 1960 136 2156 412
pack 876 108 1072 432
pack 1068 108 1264 432
pack 716 516 912 792
pack 544 936 724 1196
pack 2120 540 2300 800
pack 1932 496 2128 784
pack 520 100 716 424
pack 904 500 1100 776
pack 1592 512 1788 788
pack 1096 924 1280 1164
pack 1404 500 1600 776
pack 1608 884 1792 1164
pack 528 1240 712 1528
pack 2140 856 2324 1144
pack 2132 1268 2316 1528
pack 1616 1244 1800 1504
pack 1940 1260 2124 1520
pack 1972 872 2156 1152
pack 1060 520 1256 796
pack 1256 912 1440 1152
pack 1236 528 1432 804
pack 700 120 896 444
pack 1600 132 1796 408
pack 1428 136 1624 412
pack 748 912 928 1180
