pack 28 388 200 696
pack 1808 488 2004 756
pack 1860 1200 2056 1456
pack 256 1812 464 2076
pack 2144 1924 2336 2188
pack 604 1832 812 2116
pack 1476 1192 1672 1448
pack 2416 496 2612 764
pack 1668 1196 1864 1452
pack 524 1156 720 1424
pack 68 1748 276 2068
pack 2020 488 2216 756
pack 2860 1204 3068 1524
pack 912 1164 1108 1420
pack 332 1148 528 1416
pack 2664 1248 2872 1512
pack 2616 448 2840 776
pack 1292 1188 1488 1444
pack 720 1164 916 1432
pack 1092 1172 1288 1428
pack 1552 1840 1748 2144
pack 144 1136 340 1404
pack 796 1812 984 2116
pack 2216 492 2412 760
pack 2832 456 3056 784
pack 424 1816 632 2100
pack 2332 1952 2524 2184
pack 236 436 432 704
pack 1024 472 1220 740
pack 1608 480 1804 748
pack 440 448 636 716
pack 1416 468 1612 736
pack 828 456 1024 724
pack 1212 468 1408 736
pack 632 456 828 724
pack 988 1852 1180 2156
pack 1956 1908 2148 2172
pack 1360 1840 1544 2144
pack 1172 1852 1364 2156
pack 2744 1972 2944 2188
pack 2532 1948 2732 2180
pack 1764 1892 1940 2168
pack 2272 1232 2480 1496
pack 2060 1216 2268 1480
pack 2464 1232 2672 1496
