pack 172 468 360 708
pack 500 72 688 368
pack 1592 128 1780 368
pack 1144 780 1312 1036
pack 1608 744 1776 1000
pack 980 444 1144 688
pack 1440 124 1628 364
pack 352 468 540 708
pack 1116 448 1280 692
pack 660 72 848 368
pack 188 812 368 1056
pack 976 760 1144 1016
pack 528 792 708 1036
pack 1584 452 1748 688
pack 692 800 860 1012
pack 1428 424 1592 684
pack 1300 768 1468 1024
pack 1280 464 1444 708
pack 824 84 1012 380
pack 180 88 368 384
pack 1444 756 1612 1012
pack 528 444 692 704
pack 824 800 992 1012
pack 832 456 996 700
pack 672 456 836 700
pack 340 88 528 384
pack 1116 124 1304 364
pack 972 120 1160 360
pack 360 796 540 1040
