pack 1212 1424 1432 1768
pack 1432 1428 1652 1772
pack 1208 824 1420 1180
pack 1204 208 1416 564
pack 548 1420 760 1776
pack 100 816 312 1172
pack 780 1396 980 1760
pack 1420 820 1632 1176
pack 1856 1408 2076 1752
pack 1860 780 2072 1164
pack 1452 204 1664 560
pack 1000 1388 1200 1752
pack 304 812 516 1168
pack 104 1384 316 1768
pack 528 816 740 1172
pack 336 1392 548 1776
pack 1000 208 1212 564
pack 1636 780 1848 1164
pack 1672 220 1884 576
pack 1648 1424 1868 1768
pack 744 824 956 1180
pack 968 820 1180 1176
pack 1880 204 2092 560
pack 300 200 536 532
pack 784 168 1008 552
pack 56 204 292 536
pack 528 216 764 548
