pack 520 632 680 892
pack 1300 656 1468 912
pack 1044 1464 1216 1696
pack 908 1468 1080 1700
pack 1944 664 2112 920
pack 452 1436 624 1688
pack 1356 184 1520 440
pack 1620 1492 1792 1756
pack 1280 1108 1432 1344
pack 1960 1488 2112 1752
pack 40 168 204 424
pack 1180 180 1344 436
pack 1672 156 1848 460
pack 2004 192 2208 460
pack 332 1444 468 1664
pack 756 1480 928 1712
pack 1616 660 1784 916
pack 2192 192 2388 460
pack 604 1444 776 1696
pack 860 176 1024 432
pack 356 176 520 432
pack 1524 160 1700 464
pack 1008 180 1172 436
pack 200 176 364 432
pack 684 188 848 444
pack 1140 1104 1292 1340
pack 1320 1508 1492 1740
pack 1800 1496 1972 1760
pack 1840 196 2044 464
pack 1144 616 1304 904
pack 156 1436 316 1684
pack 1476 1512 1648 1744
pack 504 172 668 428
pack 1444 1108 1596 1344
pack 1452 656 1620 912
pack 368 648 528 900
pack 1872 1104 2024 1340
pack 2116 660 2284 916
pack 216 640 376 892
pack 1780 664 1948 920
pack 984 1096 1136 1332
pack 2096 1520 2248 1784
pack 988 640 1148 900
pack 836 644 996 904
pack 72 636 232 888
pack 680 640 840 900
pack 1592 1112 1744 1348
pack 244 1048 412 1304
pack 100 1048 268 1304
pack 1728 1116 1880 1352
pack 396 1068 548 1304
pack 836 1092 988 1328
pack 552 1088 704 1324
pack 684 1088 836 1324
pack 2040 1092 2192 1356
