pack 1340 1100 1436 1236
pack 1060 1344 1156 1480
pack 1468 100 1572 264
pack 1332 892 1428 1028
pack 2072 1552 2164 1684
pack 832 1100 936 1240
pack 732 864 836 1028
pack 1836 1560 1916 1692
pack 1704 120 1800 280
pack 2048 1108 2140 1256
pack 452 612 556 768
pack 136 312 240 500
pack 1900 1556 1980 1688
pack 1176 1556 1268 1688
pack 2216 1116 2308 1264
pack 1452 384 1544 536
pack 976 1108 1072 1244
pack 272 1104 376 1244
pack 1260 632 1360 764
pack 48 316 144 504
pack 972 1360 1068 1496
pack 1064 88 1168 252
pack 1900 880 1992 1028
pack 72 868 168 1012
pack 576 1556 672 1704
pack 672 1544 768 1692
pack 404 1556 500 1704
pack 124 1088 196 1236
pack 1604 1324 1696 1484
pack 364 1104 468 1244
pack 468 1112 572 1252
pack 760 1544 840 1692
pack 2188 628 2280 788
pack 540 868 644 1032
pack 1672 1552 1764 1684
pack 1872 1132 1964 1268
pack 988 356 1080 508
pack 444 860 548 1024
pack 1960 396 2052 556
pack 1976 136 2072 296
pack 1536 1332 1628 1492
pack 2084 892 2176 1040
pack 936 1580 1028 1696
pack 1240 1336 1336 1472
pack 2124 1116 2216 1264
pack 1612 92 1704 280
pack 1732 888 1824 1028
pack 1096 1564 1188 1696
pack 1420 896 1516 1032
pack 1976 1560 2068 1692
pack 1640 888 1732 1028
pack 164 600 268 756
pack 1236 1096 1332 1232
pack 2044 404 2136 564
pack 136 1568 232 1700
pack 1840 640 1932 800
pack 208 1324 296 1476
pack 1740 636 1832 796
pack 1348 1568 1440 1700
pack 2244 892 2336 1040
pack 1348 640 1448 772
pack 376 1328 464 1480
pack 1168 612 1260 776
pack 1272 1552 1364 1684
pack 1416 1100 1512 1236
pack 184 1080 272 1244
pack 2260 640 2352 800
pack 1076 600 1168 764
pack 1424 1564 1516 1696
pack 1880 376 1972 536
pack 164 868 264 1016
pack 252 600 356 756
pack 740 1344 828 1472
pack 2220 412 2312 572
pack 1440 644 1540 776
pack 648 1344 736 1472
pack 1368 380 1460 532
pack 824 856 928 1020
pack 740 1104 844 1244
pack 1912 636 2004 796
pack 476 1324 564 1476
pack 1632 1116 1724 1252
pack 1992 884 2084 1032
pack 236 52 324 232
pack 352 864 456 1028
pack 648 1108 752 1248
pack 488 1552 584 1700
pack 544 616 648 772
pack 1572 632 1664 792
pack 1972 1128 2064 1264
pack 1152 884 1248 1020
pack 256 860 360 1024
pack 836 1552 924 1700
pack 2328 140 2432 300
pack 824 1340 912 1468
pack 1504 1560 1596 1692
pack 1068 880 1164 1016
pack 1272 92 1376 256
pack 120 1324 208 1476
pack 220 1552 316 1700
pack 1280 380 1372 532
pack 1336 1328 1432 1464
pack 1796 124 1892 284
pack 2068 136 2172 296
pack 976 80 1080 244
pack 1704 1128 1796 1264
pack 2256 148 2360 308
pack 1820 880 1912 1028
pack 1144 1340 1240 1476
pack 636 864 740 1028
pack 836 84 948 252
pack 556 1352 644 1480
pack 1748 1556 1840 1688
pack 736 616 840 772
pack 300 1328 388 1480
pack 1788 1128 1880 1264
pack 2104 644 2196 804
pack 1156 1104 1252 1240
pack 240 312 344 500
pack 136 32 232 216
pack 1080 360 1172 512
pack 2312 408 2404 568
pack 2140 408 2232 568
pack 316 1548 412 1696
pack 64 600 168 756
pack 336 316 440 504
pack 1016 1548 1108 1680
pack 356 612 460 768
pack 2008 644 2100 804
pack 1588 1560 1680 1692
pack 640 612 744 768
pack 552 1108 656 1248
pack 2104 1344 2196 1476
pack 1248 888 1344 1024
pack 2160 888 2252 1036
pack 1180 376 1272 528
pack 32 28 128 212
pack 992 852 1084 988
pack 1072 1104 1168 1240
pack 1168 96 1272 260
pack 828 620 932 776
pack 1556 888 1648 1028
pack 2156 1536 2248 1668
pack 1660 636 1752 796
pack 1360 92 1464 256
pack 1896 132 1992 292
pack 1536 1112 1628 1248
pack 2156 144 2260 304
pack 984 608 1076 772
pack 320 64 432 232
pack 524 68 636 236
pack 624 76 736 244
pack 2188 1344 2280 1476
pack 732 84 844 252
pack 420 72 532 240
pack 1780 1336 1872 1488
pack 2032 1344 2124 1476
pack 1956 1344 2048 1476
pack 1696 1332 1788 1484
pack 1864 1332 1956 1484
pack 636 352 740 508
pack 536 348 632 508
pack 824 360 928 516
pack 1572 384 1676 544
pack 1672 380 1776 540
pack 732 348 836 504
pack 1768 388 1872 548
pack 436 340 532 496
