pack 1144 636 1328 896
pack 1028 216 1216 480
pack 32 156 220 420
pack 368 180 556 444
pack 2088 696 2272 956
pack 516 192 704 456
pack 1836 244 2024 524
pack 192 632 380 892
pack 1416 1104 1588 1348
pack 700 188 888 452
pack 972 1080 1144 1324
pack 1448 676 1632 936
pack 1592 688 1776 948
pack 1272 1084 1444 1328
pack 1684 220 1860 508
pack 1360 224 1548 488
pack 1308 672 1492 932
pack 356 636 544 896
pack 1848 1104 2020 1348
pack 1528 208 1704 496
pack 192 168 380 432
pack 2004 252 2192 532
pack 1748 668 1932 928
pack 1184 216 1372 480
pack 2168 264 2356 524
pack 1928 680 2112 940
pack 512 640 696 900
pack 1124 1084 1296 1328
pack 872 216 1060 480
pack 32 636 220 896
pack 1000 656 1184 916
pack 820 644 1004 904
pack 668 656 852 916
pack 216 1024 400 1300
pack 56 1036 240 1312
pack 528 1068 712 1328
pack 372 1064 556 1324
pack 1568 1096 1740 1340
pack 1700 1104 1872 1348
pack 672 1080 844 1324
pack 824 1088 996 1332
pack 1984 1096 2156 1340
