pack 1472 1456 1692 1840
pack 344 1448 564 1832
pack 1040 828 1284 1192
pack 1984 208 2228 572
pack 1500 828 1740 1180
pack 1736 204 1980 568
pack 1916 1408 2136 1792
pack 112 124 352 532
pack 1932 840 2172 1192
pack 816 184 1060 548
pack 1696 1416 1916 1800
pack 1256 836 1496 1188
pack 1036 200 1280 564
pack 1276 192 1520 556
pack 564 184 808 548
pack 124 1448 344 1832
pack 1716 836 1956 1188
pack 792 1432 1012 1816
pack 1240 1440 1460 1824
pack 332 184 576 548
pack 1508 196 1752 560
pack 996 1444 1216 1828
pack 560 1436 780 1820
pack 576 816 820 1180
pack 864 784 1072 1168
pack 100 796 344 1160
pack 348 816 592 1180
