pack 256 652 368 828
pack 132 56 252 236
pack 772 944 884 1096
pack 360 64 480 244
pack 164 1464 268 1616
pack 576 76 696 256
pack 240 60 360 240
pack 580 1212 692 1364
pack 792 72 912 252
pack 464 1208 576 1360
pack 892 380 996 544
pack 680 372 800 536
pack 472 648 584 824
pack 52 1216 164 1368
pack 472 920 572 1096
pack 252 928 364 1092
pack 776 1184 880 1356
pack 876 932 988 1084
pack 892 80 1012 260
pack 792 384 912 548
pack 144 1212 256 1364
pack 40 640 152 816
pack 260 1208 372 1360
pack 144 656 256 832
pack 668 640 780 816
pack 144 932 256 1096
pack 356 1216 468 1368
pack 364 916 464 1092
pack 588 368 688 540
pack 768 1456 872 1608
pack 144 356 264 536
pack 776 632 888 808
pack 576 644 688 820
pack 352 652 464 828
pack 48 936 160 1100
pack 688 932 800 1084
pack 72 1464 176 1616
pack 16 28 152 240
pack 480 360 588 544
pack 472 68 592 248
pack 680 1192 784 1368
pack 868 1184 972 1356
pack 880 636 992 812
pack 688 76 808 256
pack 580 932 692 1084
pack 868 1452 972 1604
pack 260 1464 364 1616
pack 464 1464 568 1616
pack 684 1460 788 1612
pack 368 1460 472 1612
pack 568 1460 672 1612
pack 380 356 488 540
pack 260 356 380 536
pack 28 352 148 532
