pack 136 544 292 832
pack 452 548 608 836
pack 304 976 460 1228
pack 740 1404 896 1656
pack 1196 1412 1352 1664
pack 1056 1420 1212 1672
pack 0 540 156 828
pack 128 112 284 396
pack 900 1408 1056 1660
pack 608 980 764 1232
pack 448 1392 604 1644
pack 164 1392 320 1644
pack 1060 996 1216 1248
pack 456 988 612 1240
pack 12 980 168 1232
pack 160 980 316 1232
pack 296 1392 452 1644
pack 0 1392 156 1644
pack 284 544 440 832
pack 596 1396 752 1648
pack 764 1000 920 1252
pack 1200 1000 1356 1252
pack 1244 152 1400 384
pack 292 164 448 396
pack 904 1000 1060 1252
pack 4 116 136 388
pack 740 152 896 384
pack 1076 156 1232 388
pack 588 152 744 384
pack 908 152 1064 384
pack 432 156 588 388
pack 1060 576 1216 828
pack 596 576 752 828
pack 904 572 1060 824
pack 1208 564 1364 816
pack 748 580 904 832
