pack 912 1496 1036 1668
pack 808 1504 932 1676
pack 932 812 1060 976
pack 668 60 796 224
pack 1668 1444 1792 1616
pack 380 60 508 224
pack 400 1176 520 1344
pack 768 448 896 612
pack 1252 1484 1376 1664
pack 316 1512 424 1668
pack 288 804 416 968
pack 1536 468 1664 632
pack 412 804 540 968
pack 1348 1480 1472 1660
pack 1028 1480 1152 1664
pack 1140 1472 1264 1656
pack 284 1176 396 1344
pack 640 1168 772 1336
pack 932 72 1060 236
pack 520 444 648 608
pack 1576 1116 1704 1304
pack 264 52 392 216
pack 1256 1156 1384 1316
pack 516 68 644 232
pack 1444 1476 1568 1648
pack 1140 1128 1272 1328
pack 1468 96 1596 260
pack 1560 784 1688 968
pack 1680 784 1808 968
pack 808 68 936 232
pack 272 444 400 608
pack 1200 96 1328 260
pack 780 1176 912 1344
pack 892 456 1020 620
pack 1448 1124 1576 1312
pack 432 1504 540 1660
pack 1352 1156 1480 1316
pack 1076 804 1204 968
pack 1424 464 1552 628
pack 1600 96 1728 260
pack 524 1148 656 1316
pack 1204 804 1332 968
pack 1660 460 1788 624
pack 1680 1156 1788 1312
pack 408 448 536 612
pack 660 1492 768 1676
pack 924 1156 1056 1324
pack 1028 1136 1160 1336
pack 804 808 932 972
pack 648 460 776 624
pack 1708 96 1836 260
pack 552 1480 660 1664
pack 1552 1464 1676 1636
pack 1440 804 1568 968
pack 1316 804 1444 968
pack 1096 452 1224 616
pack 1328 88 1456 252
pack 1208 456 1336 620
pack 684 800 812 964
pack 552 800 680 964
