pack 180 660 356 932
pack 344 204 528 464
pack 1624 708 1796 972
pack 1772 708 1944 972
pack 184 184 368 444
pack 16 184 200 444
pack 1356 232 1540 492
pack 1300 692 1472 956
pack 1020 240 1204 500
pack 1540 220 1708 516
pack 520 204 704 464
pack 852 228 1036 488
pack 344 664 520 936
pack 2180 264 2380 540
pack 1836 260 2036 536
pack 1940 708 2112 972
pack 684 208 868 468
pack 1144 664 1316 948
pack 1456 700 1628 964
pack 1692 224 1860 520
pack 504 656 680 928
pack 2112 708 2284 972
pack 2008 260 2208 536
pack 1188 228 1372 488
pack 980 680 1156 952
pack 824 664 1000 936
pack 28 656 204 928
pack 656 676 832 948
