pack 1424 252 1676 616
pack 1216 884 1424 1208
pack 112 840 332 1220
pack 548 1464 756 1788
pack 996 852 1196 1212
pack 1628 1424 1836 1768
pack 136 1444 344 1768
pack 1420 1424 1628 1768
pack 1864 872 2072 1196
pack 508 256 760 620
pack 1876 204 2084 608
pack 988 1472 1196 1796
pack 1200 260 1452 624
pack 1652 872 1860 1196
pack 1832 1420 2040 1764
pack 1192 1468 1400 1792
pack 968 252 1220 616
pack 316 836 536 1216
pack 544 876 764 1216
pack 344 1464 552 1788
pack 732 244 984 608
pack 68 260 320 624
pack 1440 880 1648 1204
pack 780 844 980 1204
pack 292 260 544 624
pack 1636 232 1888 596
pack 772 1468 980 1792
