pack 960 1360 1116 1556
pack 848 1368 1004 1564
pack 808 964 964 1172
pack 612 72 780 304
pack 636 964 792 1172
pack 196 548 344 760
pack 208 968 348 1176
pack 1360 1348 1504 1556
pack 976 548 1160 760
pack 1160 548 1312 760
pack 304 72 472 304
pack 1476 1348 1620 1556
pack 1376 964 1520 1160
pack 1608 84 1756 316
pack 772 80 940 312
pack 520 1348 676 1560
pack 1232 1332 1388 1552
pack 476 936 636 1156
pack 392 1380 536 1564
pack 1312 548 1428 760
pack 1888 84 2052 316
pack 1860 1324 2004 1532
pack 1776 520 1916 744
pack 1516 964 1660 1160
pack 356 960 496 1168
pack 156 76 324 308
pack 256 1364 400 1564
pack 1340 84 1488 316
pack 1176 84 1324 316
pack 344 548 500 760
pack 656 1352 812 1564
pack 940 80 1064 312
pack 1928 520 2068 744
pack 1628 944 1780 1160
pack 832 548 976 760
pack 984 960 1140 1168
pack 1772 940 1924 1156
pack 1104 944 1260 1184
pack 1740 1344 1884 1552
pack 1240 936 1396 1176
pack 1888 960 2032 1160
pack 1608 1344 1752 1552
pack 1756 84 1888 316
pack 1104 1344 1260 1564
pack 1468 548 1596 760
pack 1596 548 1776 744
pack 468 80 636 312
pack 500 548 672 760
pack 672 548 832 760
