pack 648 1252 804 1588
pack 1372 748 1568 1052
pack 1364 1280 1552 1588
pack 1216 268 1412 572
pack 1592 268 1788 572
pack 828 1244 984 1580
pack 440 1280 636 1584
pack 248 1276 444 1580
pack 1416 268 1612 572
pack 1548 756 1744 1060
pack 996 788 1192 1092
pack 420 764 616 1068
pack 836 240 1020 552
pack 612 772 808 1076
pack 992 1288 1180 1596
pack 1168 776 1364 1080
pack 240 760 436 1064
pack 56 752 252 1056
pack 1184 1284 1372 1592
pack 808 780 1004 1084
pack 1024 264 1204 564
pack 1556 1296 1744 1604
pack 52 1284 248 1588
pack 32 244 236 532
pack 652 224 836 544
pack 448 260 652 548
pack 244 244 448 532
