pack 2052 244 2240 520
pack 1716 236 1904 512
pack 1880 240 2068 516
pack 1332 708 1500 968
pack 1192 184 1364 496
pack 188 204 336 476
pack 1012 700 1180 960
pack 1172 704 1340 964
pack 1500 716 1668 976
pack 1364 232 1552 508
pack 512 212 684 484
pack 340 200 512 472
pack 2240 244 2428 520
pack 1540 232 1728 508
pack 1976 728 2144 988
pack 36 204 176 460
pack 1036 220 1208 492
pack 684 204 856 476
pack 856 216 1028 488
pack 1660 720 1840 980
pack 52 644 232 920
pack 216 644 380 920
pack 2136 720 2304 980
pack 856 700 1024 960
pack 1816 724 1996 984
pack 364 684 532 944
pack 536 696 704 956
pack 700 688 868 948
