pack 1940 232 2136 524
pack 516 192 700 468
pack 1576 224 1772 516
pack 2080 1160 2276 1444
pack 1028 712 1216 984
pack 1092 1120 1256 1384
pack 760 1148 948 1388
pack 1756 236 1952 528
pack 936 1128 1100 1392
pack 596 1088 780 1376
pack 340 192 524 468
pack 1896 1156 2092 1440
pack 1736 1192 1900 1448
pack 288 1088 448 1348
pack 2112 240 2308 532
pack 1572 1176 1736 1432
pack 1536 728 1724 1000
pack 1204 716 1392 988
pack 100 1068 260 1348
pack 416 1080 600 1368
pack 2236 1184 2432 1468
pack 1404 220 1588 516
pack 1224 172 1408 500
pack 180 192 364 468
pack 2012 752 2200 1024
pack 1412 1164 1576 1420
pack 1368 716 1556 988
pack 2308 244 2504 536
pack 1044 212 1228 488
pack 696 196 880 472
pack 868 204 1052 480
pack 12 184 196 460
pack 524 688 712 968
pack 32 648 220 928
pack 352 672 540 952
pack 192 636 380 916
pack 864 700 1052 972
pack 1848 752 2036 1024
pack 684 680 872 960
pack 1696 732 1884 1004
pack 2200 740 2360 1020
