pack 376 816 552 1092
pack 736 816 912 1092
pack 1264 316 1456 612
pack 1612 320 1804 616
pack 1100 844 1276 1120
pack 8 816 184 1092
pack 376 304 564 580
pack 2136 884 2328 1168
pack 2128 388 2304 664
pack 552 828 728 1104
pack 1968 880 2160 1164
pack 1468 856 1644 1132
pack 576 308 764 584
pack 2332 868 2524 1152
pack 1948 376 2124 652
pack 1284 860 1460 1136
pack 2316 384 2492 660
pack 916 276 1116 600
pack 920 828 1096 1104
pack 1804 832 1960 1136
pack 196 812 372 1088
pack 1648 832 1804 1136
pack 1440 340 1632 636
pack 1100 320 1292 616
pack 192 288 380 564
pack 1788 324 1980 620
pack 8 280 196 556
pack 748 280 948 604
