pack 520 1128 704 1428
pack 1084 1144 1268 1444
pack 160 88 356 428
pack 168 616 336 932
pack 528 624 696 940
pack 1428 1156 1612 1456
pack 900 1140 1084 1440
pack 364 1132 548 1432
pack 1456 136 1652 452
pack 12 96 160 436
pack 184 1136 368 1436
pack 16 624 180 940
pack 1252 1152 1436 1452
pack 728 1136 912 1436
pack 340 616 508 932
pack 344 136 540 452
pack 12 1136 196 1436
pack 700 140 896 456
pack 1244 124 1440 440
pack 512 144 708 460
pack 1060 136 1256 452
pack 868 132 1064 448
pack 1068 660 1252 960
pack 884 652 1068 952
pack 696 640 880 940
pack 1452 656 1636 956
pack 1264 652 1448 952
