pack 788 1056 968 1280
pack 456 1440 612 1648
pack 2128 1056 2308 1332
pack 1064 1472 1220 1680
pack 608 1448 764 1656
pack 332 32 516 332
pack 2096 636 2280 912
pack 288 988 464 1240
pack 1124 1028 1304 1292
pack 1068 596 1252 872
pack 112 968 288 1272
pack 1580 612 1764 888
pack 1928 616 2112 892
pack 2256 620 2464 924
pack 1444 1076 1616 1320
pack 2396 88 2588 424
pack 520 40 704 340
pack 1452 44 1652 380
pack 316 1432 472 1640
pack 2164 1500 2336 1728
pack 2292 1084 2472 1360
pack 1264 12 1464 372
pack 1600 1092 1772 1336
pack 2020 64 2220 400
pack 756 1424 912 1632
pack 960 1032 1140 1288
pack 1240 608 1424 884
pack 1848 1488 2020 1716
pack 172 1404 312 1648
pack 1412 616 1596 892
pack 920 1436 1076 1644
pack 1832 60 2032 396
pack 1644 60 1844 396
pack 1664 1472 1836 1700
pack 620 992 820 1268
pack 1768 1092 1940 1336
pack 1216 1484 1372 1692
pack 428 984 628 1260
pack 160 36 332 336
pack 1960 1068 2152 1344
pack 2216 72 2416 408
pack 704 36 888 336
pack 4 28 156 328
pack 1068 48 1268 356
pack 880 44 1080 352
pack 1368 1476 1524 1684
pack 2016 1492 2188 1720
pack 1512 1468 1668 1676
pack 376 572 560 848
pack 1752 620 1936 896
pack 712 588 896 864
pack 552 576 736 852
pack 200 504 392 840
pack 884 600 1068 876
pack 28 508 220 844
