pack 904 1176 1096 1456
pack 544 1180 736 1460
pack 744 1176 936 1456
pack 552 124 728 464
pack 1456 1188 1648 1468
pack 1268 1176 1460 1456
pack 1480 164 1668 460
pack 1100 692 1292 972
pack 560 676 752 956
pack 360 128 536 468
pack 196 688 388 968
pack 16 136 180 476
pack 32 680 224 960
pack 372 680 564 960
pack 192 1172 384 1452
pack 1472 680 1664 960
pack 1288 684 1480 964
pack 732 688 924 968
pack 32 1180 224 1460
pack 364 1176 556 1456
pack 184 140 360 456
pack 920 688 1112 968
pack 1084 1184 1276 1464
pack 724 168 904 460
pack 1292 176 1480 472
pack 1096 172 1284 468
pack 912 164 1100 468
