pack 140 952 240 1100
pack 536 696 644 836
pack 240 684 348 824
pack 240 948 340 1096
pack 108 380 216 560
pack 116 92 216 300
pack 344 956 444 1104
pack 832 696 932 836
pack 456 1432 556 1604
pack 832 964 932 1112
pack 252 1208 352 1356
pack 360 1428 460 1600
pack 212 112 320 320
pack 736 964 836 1112
pack 72 1188 172 1336
pack 640 692 748 832
pack 40 668 148 824
pack 460 1200 560 1348
pack 732 1448 832 1596
pack 132 684 240 824
pack 160 1192 260 1340
pack 440 956 540 1104
pack 320 384 428 572
pack 552 1452 652 1600
pack 436 692 544 832
pack 536 952 636 1100
pack 844 1192 944 1340
pack 264 1424 364 1596
pack 640 1192 740 1340
pack 336 684 444 824
pack 836 128 944 288
pack 748 696 840 836
pack 20 80 108 280
pack 164 1428 264 1600
pack 348 1208 448 1356
pack 80 1428 180 1600
pack 16 384 124 556
pack 628 952 728 1100
pack 556 1204 656 1352
pack 632 1452 732 1600
pack 816 1448 916 1596
pack 216 384 324 564
pack 44 960 144 1100
pack 752 1192 852 1340
pack 520 116 628 288
pack 304 112 412 320
pack 740 128 848 288
pack 640 116 748 288
pack 416 116 524 288
pack 532 416 640 592
pack 832 424 940 580
pack 732 428 840 584
pack 632 408 740 584
pack 424 404 532 592
