pack 1440 288 1648 608
pack 432 264 652 604
pack 1420 852 1616 1144
pack 644 280 852 600
pack 240 264 460 604
pack 1616 284 1824 604
pack 1032 276 1240 596
pack 856 832 1036 1144
pack 1232 284 1440 604
pack 1172 1352 1368 1644
pack 56 1344 252 1636
pack 444 1340 640 1632
pack 1572 1324 1768 1616
pack 624 1348 820 1640
pack 804 1352 1000 1644
pack 840 284 1048 604
pack 1384 1332 1580 1624
pack 56 236 276 576
pack 1604 840 1800 1132
pack 1220 836 1416 1128
pack 1028 1352 1224 1644
pack 1032 848 1228 1140
pack 256 1348 452 1640
pack 260 808 468 1128
pack 672 796 868 1136
pack 48 800 256 1120
pack 456 820 664 1140
