pack 1232 1328 1392 1564
pack 520 136 696 376
pack 364 112 520 368
pack 668 1308 804 1560
pack 804 1332 964 1568
pack 360 936 516 1172
pack 1120 144 1272 384
pack 688 552 820 768
pack 1088 908 1244 1168
pack 820 560 964 776
pack 528 1312 664 1564
pack 356 1336 516 1572
pack 68 1336 212 1572
pack 976 144 1128 384
pack 948 940 1104 1176
pack 68 920 224 1156
pack 220 1336 380 1572
pack 820 140 996 380
pack 1252 568 1396 784
pack 512 944 668 1180
pack 664 140 840 380
pack 76 88 224 360
pack 1224 908 1380 1168
pack 956 1320 1116 1556
pack 1268 156 1420 396
pack 216 112 364 356
pack 976 564 1120 780
pack 812 940 968 1176
pack 656 940 812 1176
pack 1112 556 1256 772
pack 208 940 364 1176
pack 1088 1336 1248 1572
pack 372 548 524 768
pack 60 540 212 760
pack 224 548 376 768
pack 552 532 696 776
