pack 256 1152 444 1404
pack 1188 1156 1376 1408
pack 1696 660 1884 912
pack 1372 1156 1560 1408
pack 80 1156 268 1408
pack 2132 156 2320 408
pack 1788 152 1976 404
pack 1944 156 2132 408
pack 1240 656 1428 908
pack 948 652 1136 904
pack 68 100 256 352
pack 800 1156 988 1408
pack 1880 660 2068 912
pack 1012 136 1200 388
pack 2044 664 2232 916
pack 420 116 608 368
pack 824 124 1012 376
pack 1004 1164 1192 1416
pack 76 648 264 900
pack 2084 1136 2272 1412
pack 1912 1124 2100 1400
pack 628 116 816 368
pack 784 656 972 908
pack 604 644 792 896
pack 1540 1152 1728 1404
pack 1724 1156 1912 1408
pack 1572 136 1760 388
pack 1408 664 1596 916
pack 256 644 444 896
pack 252 112 440 364
pack 428 644 616 896
pack 1392 132 1580 384
pack 632 1156 820 1408
pack 464 1160 652 1412
