pack 1444 164 1604 444
pack 48 628 200 864
pack 1100 1512 1252 1736
pack 1552 1088 1724 1336
pack 492 176 668 436
pack 664 636 816 872
pack 1816 1508 1964 1740
pack 212 632 364 868
pack 2032 1088 2204 1336
pack 24 156 200 416
pack 1712 1096 1884 1344
pack 2084 208 2236 444
pack 1144 644 1296 880
pack 1232 1508 1392 1732
pack 496 1076 660 1316
pack 1288 188 1448 452
pack 1852 1092 2024 1340
pack 1400 1084 1572 1332
pack 1928 672 2092 912
pack 204 1076 368 1316
pack 1476 640 1632 892
pack 352 628 504 864
pack 512 632 664 868
pack 1764 672 1928 912
pack 1108 1052 1272 1320
pack 1256 1084 1428 1332
pack 1760 212 1912 448
pack 952 1512 1104 1736
pack 816 148 960 440
pack 680 132 824 424
pack 1380 1512 1540 1736
pack 1300 660 1452 896
pack 1592 164 1752 444
pack 1924 208 2076 444
pack 2104 668 2268 908
pack 976 644 1128 880
pack 1616 644 1768 912
pack 336 160 512 420
pack 356 1080 520 1320
pack 1136 180 1296 444
pack 180 160 356 420
pack 824 640 976 876
pack 972 180 1132 444
pack 56 1068 220 1308
pack 648 1084 812 1324
pack 948 1076 1112 1316
pack 796 1072 960 1312
pack 208 1472 372 1724
pack 800 1500 952 1724
pack 80 1472 244 1724
pack 1964 1508 2108 1756
pack 1532 1504 1680 1736
pack 356 1496 532 1720
pack 1672 1516 1820 1748
pack 484 1504 660 1728
pack 644 1504 820 1728
