pack 732 936 888 1160
pack 428 56 584 336
pack 296 928 452 1152
pack 604 932 760 1156
pack 316 1320 468 1564
pack 4 516 172 740
pack 908 1328 1060 1572
pack 1208 1324 1360 1568
pack 288 512 456 756
pack 168 1284 316 1556
pack 764 1320 916 1564
pack 112 48 268 328
pack 912 508 1060 752
pack 1200 944 1356 1168
pack 4 940 160 1164
pack 616 1320 768 1564
pack 44 1284 180 1536
pack 764 508 912 752
pack 132 512 300 736
pack 132 924 288 1148
pack 456 1312 608 1556
pack 440 508 608 752
pack 1048 1324 1200 1568
pack 1048 940 1204 1164
pack 1060 528 1208 752
pack 260 52 416 332
pack 608 508 764 752
pack 892 936 1048 1160
pack 448 932 604 1156
pack 0 64 124 336
pack 1208 528 1364 752
pack 576 84 744 340
pack 1048 88 1216 344
pack 736 88 904 344
pack 1212 80 1380 336
pack 888 92 1056 348
