pack 2128 1196 2232 1348
pack 2324 172 2436 332
pack 1192 664 1280 828
pack 1632 1656 1732 1788
pack 1276 1176 1376 1316
pack 2300 1192 2404 1356
pack 740 1432 832 1572
pack 980 1428 1084 1576
pack 2244 1644 2340 1776
pack 2140 1656 2236 1788
pack 1452 1176 1552 1332
pack 1000 408 1096 548
pack 564 1652 660 1796
pack 1300 412 1396 552
pack 100 1664 196 1792
pack 1180 948 1280 1088
pack 228 92 320 260
pack 1620 692 1712 836
pack 468 1656 564 1800
pack 2216 1188 2320 1352
pack 1096 656 1184 820
pack 164 1160 260 1328
pack 1072 1424 1176 1572
pack 1512 144 1612 304
pack 1376 1672 1476 1804
pack 1388 680 1488 824
pack 1956 1208 2060 1348
pack 356 1404 456 1572
pack 236 652 336 808
pack 1456 956 1556 1096
pack 1808 696 1900 840
pack 1104 400 1200 540
pack 388 1656 484 1800
pack 1688 944 1800 1084
pack 2328 968 2432 1124
pack 640 664 740 820
pack 2052 1652 2148 1784
pack 1988 700 2088 848
pack 1296 680 1396 824
pack 840 936 940 1092
pack 332 364 428 548
pack 1104 1672 1204 1804
pack 2244 964 2348 1120
pack 540 928 640 1084
pack 1856 160 1968 320
pack 2080 692 2180 840
pack 2152 956 2256 1112
pack 1488 416 1584 556
pack 2420 176 2532 336
pack 124 352 220 536
pack 1032 1652 1132 1800
pack 1296 1644 1396 1792
pack 1272 956 1372 1096
pack 1372 1172 1472 1312
pack 356 928 456 1084
pack 668 1656 764 1800
pack 1812 1660 1892 1792
pack 848 1656 944 1800
pack 1964 940 2064 1104
pack 1576 1424 1680 1588
pack 1484 688 1584 832
pack 1004 660 1112 824
pack 988 1184 1088 1324
pack 144 652 244 808
pack 1900 696 1992 840
pack 2024 440 2108 576
pack 1952 156 2064 316
pack 836 112 944 280
pack 2180 704 2280 852
pack 1976 1660 2056 1792
pack 1160 1424 1264 1572
pack 204 1660 300 1788
pack 1764 140 1864 312
pack 2312 448 2408 584
pack 632 928 732 1084
pack 1460 1668 1560 1800
pack 1272 1420 1376 1568
pack 296 1648 392 1792
pack 748 1172 848 1328
pack 2060 956 2164 1112
pack 456 1404 560 1572
pack 856 1180 936 1320
pack 1412 140 1512 300
pack 88 1152 172 1328
pack 444 928 544 1084
pack 180 1404 264 1572
pack 2392 452 2488 588
pack 1000 116 1100 276
pack 1888 1664 1968 1796
pack 348 660 448 816
pack 996 912 1096 1068
pack 2140 160 2252 320
pack 1784 948 1896 1088
pack 140 920 240 1076
pack 352 1172 452 1328
pack 1080 1184 1180 1324
pack 1716 700 1808 844
pack 2192 1436 2292 1580
pack 1672 1204 1776 1344
pack 2204 452 2300 588
pack 2224 176 2336 336
pack 2044 156 2156 316
pack 224 360 320 544
pack 832 1432 940 1572
pack 1100 124 1200 284
pack 1548 1660 1648 1792
pack 268 1404 368 1572
pack 460 1172 560 1328
pack 1876 940 1976 1104
pack 24 56 116 244
pack 1936 412 2032 580
pack 1184 1164 1284 1304
pack 1764 1204 1868 1344
pack 1316 128 1416 288
pack 940 1672 1040 1796
pack 1724 1656 1804 1788
pack 32 360 128 532
pack 2268 684 2368 836
pack 1660 120 1760 308
pack 44 648 144 804
pack 1852 1204 1956 1344
pack 560 1432 652 1572
pack 756 1656 852 1800
pack 836 676 936 832
pack 2032 1208 2136 1348
pack 1204 1656 1304 1804
pack 120 60 212 248
pack 1828 436 1936 584
pack 1204 408 1300 548
pack 1080 936 1180 1076
pack 548 660 648 816
pack 1624 420 1736 580
pack 652 1432 740 1572
pack 1600 948 1712 1088
pack 1364 952 1464 1092
pack 736 924 836 1080
pack 652 1172 752 1328
pack 1660 1428 1764 1592
pack 1584 1196 1688 1336
pack 260 1168 360 1324
pack 1400 412 1496 552
pack 96 1400 180 1568
pack 548 1180 648 1336
pack 2352 688 2452 840
pack 444 656 544 812
pack 244 928 344 1084
pack 2108 448 2204 584
pack 744 672 844 828
pack 1200 128 1300 288
pack 48 916 148 1072
pack 632 104 732 272
pack 740 108 848 276
pack 316 84 416 252
pack 420 92 520 260
pack 532 104 632 272
pack 2276 1432 2376 1576
pack 2104 1444 2204 1588
pack 2004 1448 2120 1592
pack 1748 1424 1852 1588
pack 1920 1420 2024 1584
pack 1836 1420 1940 1584
pack 1368 1412 1472 1560
pack 536 380 632 556
pack 432 380 528 556
pack 1728 420 1840 580
pack 740 392 840 556
pack 840 396 940 560
pack 636 396 732 560
