pack 232 240 452 584
pack 288 1336 496 1676
pack 1784 216 1992 560
pack 272 828 480 1148
pack 1132 232 1340 576
pack 96 1340 304 1680
pack 56 820 264 1140
pack 696 820 904 1140
pack 904 184 1100 572
pack 692 192 888 580
pack 912 832 1120 1152
pack 1556 220 1764 564
pack 1340 780 1548 1140
pack 1516 1340 1724 1660
pack 1552 784 1760 1144
pack 1120 832 1328 1152
pack 1744 776 1952 1136
pack 1352 228 1560 572
pack 4 240 224 584
pack 436 240 656 584
pack 472 820 680 1140
pack 1724 1332 1932 1652
pack 896 1316 1104 1656
pack 484 1328 692 1668
pack 1328 1336 1536 1676
pack 700 1324 908 1664
pack 1108 1344 1316 1684
