pack 12 236 128 428
pack 368 588 488 776
pack 1072 1248 1192 1424
pack 260 912 396 1108
pack 504 1236 624 1412
pack 1180 908 1300 1104
pack 1440 232 1560 420
pack 132 244 248 436
pack 36 584 156 772
pack 1220 568 1332 776
pack 1060 904 1180 1100
pack 588 212 696 428
pack 820 244 952 428
pack 1348 1536 1484 1736
pack 972 592 1092 780
pack 112 1512 224 1720
pack 984 1544 1120 1720
pack 1104 572 1216 780
pack 328 1520 448 1700
pack 364 232 480 424
pack 1216 1560 1352 1736
pack 1188 204 1304 404
pack 1400 1244 1520 1420
pack 1544 908 1664 1104
pack 672 1536 808 1712
pack 620 592 740 780
pack 1580 584 1712 780
pack 164 928 300 1124
pack 152 584 272 772
pack 1564 1548 1700 1748
pack 380 908 500 1104
pack 732 1252 852 1428
pack 1072 204 1188 404
pack 1316 240 1436 428
pack 260 580 380 768
pack 740 584 860 772
pack 1296 916 1416 1112
pack 228 1520 348 1700
pack 1456 1536 1592 1736
pack 624 1244 744 1420
pack 1428 916 1548 1112
pack 1336 592 1456 768
pack 496 200 604 416
pack 952 1244 1072 1420
pack 248 240 364 432
pack 708 236 840 420
pack 852 588 972 776
pack 552 1552 688 1728
pack 844 1228 964 1404
pack 944 240 1076 424
pack 1100 1552 1236 1728
pack 444 1512 576 1740
pack 840 904 960 1100
pack 792 1528 928 1704
pack 500 584 620 772
pack 1452 592 1572 768
pack 1552 224 1672 412
pack 956 908 1076 1104
pack 496 936 616 1108
pack 44 924 180 1100
pack 604 924 724 1096
pack 720 928 840 1100
pack 1512 1220 1616 1412
pack 396 1236 516 1412
pack 180 1224 300 1420
pack 1180 1240 1300 1416
pack 288 1240 408 1416
pack 68 1224 188 1420
pack 1284 1244 1404 1420
