pack 988 1532 1144 1764
pack 824 1544 980 1776
pack 2044 88 2224 332
pack 1004 592 1184 836
pack 1200 604 1380 848
pack 1456 1104 1600 1316
pack 752 56 932 300
pack 1592 1104 1736 1316
pack 1348 604 1528 848
pack 44 52 224 296
pack 588 1092 760 1324
pack 456 1516 612 1764
pack 2032 1084 2188 1324
pack 1836 1532 1992 1760
pack 984 1084 1156 1316
pack 164 1532 320 1772
pack 388 44 568 288
pack 424 1040 596 1308
pack 624 1528 780 1776
pack 1724 80 1904 324
pack 260 1088 432 1320
pack 788 1084 960 1316
pack 796 600 976 844
pack 1988 1512 2144 1740
pack 932 60 1112 304
pack 1284 1064 1456 1324
pack 1744 1068 1900 1308
pack 1896 80 2076 324
pack 1568 1528 1724 1764
pack 1892 1060 2048 1300
pack 1128 1528 1284 1776
pack 80 584 260 828
pack 100 1088 272 1320
pack 324 1572 480 1776
pack 228 48 408 292
pack 1704 1536 1860 1764
pack 1140 1060 1312 1320
pack 1428 1540 1584 1776
pack 2060 576 2240 840
pack 1276 1528 1432 1776
pack 572 60 752 304
pack 1892 576 2072 840
pack 248 580 428 824
pack 1708 596 1888 840
pack 1544 612 1724 856
pack 1220 68 1400 312
pack 1396 72 1576 316
pack 440 584 620 828
pack 640 588 820 832
