pack 1660 220 1820 500
pack 1064 236 1212 476
pack 452 200 612 448
pack 1808 272 1968 512
pack 772 192 920 452
pack 1824 692 1976 924
pack 1228 248 1376 488
pack 2160 720 2312 952
pack 1372 680 1532 928
pack 580 648 740 896
pack 424 1088 576 1320
pack 1684 672 1828 936
pack 1372 252 1532 492
pack 1068 652 1228 900
pack 1764 1104 1932 1356
pack 1612 1104 1780 1356
pack 912 656 1072 904
pack 1924 1092 2092 1344
pack 2096 1100 2264 1352
pack 1520 220 1680 500
pack 912 200 1060 460
pack 576 1092 728 1324
pack 288 192 448 440
pack 1332 1096 1472 1352
pack 1984 708 2136 940
pack 1224 672 1384 920
pack 252 1092 404 1324
pack 124 184 284 432
pack 2124 264 2284 504
pack 1484 1104 1624 1352
pack 124 632 284 880
pack 1168 1072 1320 1340
pack 1536 668 1680 932
pack 432 648 592 896
pack 604 208 764 456
pack 748 652 908 900
pack 288 640 448 888
pack 1976 268 2136 508
pack 876 1104 1028 1336
pack 724 1100 876 1332
pack 108 1088 260 1320
pack 1032 1104 1184 1336
