pack 1904 712 2080 956
pack 1912 1180 2088 1460
pack 1808 176 2004 420
pack 608 672 804 916
pack 240 108 436 352
pack 2168 176 2364 420
pack 772 680 968 924
pack 1016 1192 1192 1436
pack 56 120 252 364
pack 92 1192 268 1436
pack 1204 1200 1380 1444
pack 2092 1180 2268 1460
pack 2080 712 2256 956
pack 848 140 1044 384
pack 996 152 1192 396
pack 824 1200 1000 1444
pack 1388 1200 1564 1444
pack 256 1192 432 1436
pack 2008 176 2204 420
pack 1732 700 1908 944
pack 76 672 272 916
pack 264 684 460 928
pack 628 136 824 380
pack 428 120 624 364
pack 1736 1204 1912 1448
pack 1576 1208 1752 1452
pack 1592 172 1788 416
pack 1420 160 1616 404
pack 1224 704 1420 948
pack 444 680 640 924
pack 952 688 1148 932
pack 1420 696 1616 940
pack 468 1192 644 1436
pack 648 1196 824 1440
