pack 800 1096 960 1340
pack 940 1084 1100 1328
pack 804 1100 964 1344
pack 2104 76 2276 364
pack 1928 1496 2088 1740
pack 1400 1092 1560 1336
pack 1180 76 1352 324
pack 1832 1104 1992 1348
pack 964 616 1144 840
pack 932 1512 1092 1756
pack 1428 624 1608 880
pack 8 44 180 292
pack 1088 1516 1248 1760
pack 1576 628 1756 884
pack 1736 612 1916 900
pack 404 1064 564 1308
pack 1780 1496 1940 1740
pack 1364 80 1536 328
pack 1500 1496 1660 1740
pack 1376 1492 1536 1736
pack 1228 1500 1388 1744
pack 368 556 548 832
pack 768 60 940 308
pack 788 1504 948 1748
pack 1992 1080 2152 1324
pack 1900 588 2080 876
pack 184 44 356 292
pack 644 1516 804 1760
pack 2056 640 2216 884
pack 972 68 1144 316
pack 444 1504 604 1748
pack 1100 1080 1260 1324
pack 756 616 936 840
pack 292 1504 452 1748
pack 1928 72 2100 360
pack 20 572 200 844
pack 196 576 376 848
pack 252 1068 412 1312
pack 1544 1108 1704 1352
pack 1268 592 1448 880
pack 564 1068 724 1312
pack 144 1504 304 1748
pack 1248 1084 1408 1328
pack 112 1072 272 1316
pack 1640 1504 1800 1748
pack 552 620 732 844
pack 1688 1108 1848 1352
pack 1120 584 1300 872
pack 1736 108 1908 356
pack 1552 88 1724 336
pack 388 44 560 292
pack 584 60 756 308
