pack 960 724 1140 1004
pack 1136 1180 1316 1488
pack 1320 1172 1500 1480
pack 964 1212 1144 1492
pack 784 680 956 1008
pack 388 712 568 1008
pack 1336 736 1516 1016
pack 784 1200 964 1480
pack 968 212 1148 508
pack 28 700 208 996
pack 400 1212 580 1492
pack 212 704 392 1000
pack 224 1212 404 1492
pack 1356 172 1536 468
pack 184 196 364 492
pack 32 1208 212 1488
pack 0 200 180 496
pack 592 1208 772 1488
pack 1152 732 1332 1012
pack 1492 1172 1672 1480
pack 1160 204 1340 500
pack 760 220 940 516
pack 1528 728 1708 1008
pack 592 684 764 1012
pack 576 204 756 500
pack 368 196 548 492
pack 1536 168 1716 464
