pack 1068 1232 1260 1508
pack 64 1180 220 1448
pack 4 232 180 508
pack 900 736 1076 1012
pack 728 244 904 520
pack 360 736 536 1012
pack 532 728 708 1004
pack 892 1224 1084 1500
pack 1428 1240 1620 1516
pack 1264 744 1440 1020
pack 920 236 1096 512
pack 0 732 176 1008
pack 348 236 524 512
pack 1068 748 1244 1024
pack 168 728 344 1004
pack 196 1168 368 1480
pack 372 1200 564 1476
pack 1452 748 1628 1024
pack 540 1204 732 1480
pack 1096 240 1272 516
pack 1288 236 1464 512
pack 168 236 344 512
pack 732 1208 924 1484
pack 1248 1228 1440 1504
pack 524 228 700 504
pack 716 740 892 1016
pack 1468 240 1644 516
