pack 8 4 100 196
pack 216 580 320 732
pack 784 52 888 220
pack 604 1308 708 1476
pack 784 596 888 748
pack 596 600 700 752
pack 432 1280 532 1464
pack 28 840 132 992
pack 784 856 888 1008
pack 124 836 228 988
pack 320 852 424 1004
pack 72 1308 176 1464
pack 308 296 412 488
pack 144 1068 240 1220
pack 520 1308 624 1476
pack 412 588 516 740
pack 504 600 608 752
pack 504 848 608 1000
pack 604 1088 708 1236
pack 32 580 136 732
pack 216 844 320 996
pack 692 852 796 1004
pack 160 1300 264 1464
pack 700 340 804 492
pack 316 588 420 740
pack 784 1296 888 1464
pack 192 28 296 196
pack 104 300 208 492
pack 92 20 196 212
pack 608 848 712 1000
pack 88 1068 156 1220
pack 344 1292 444 1476
pack 516 1092 620 1240
pack 232 1080 352 1228
pack 12 308 116 476
pack 440 1076 544 1224
pack 704 596 808 748
pack 692 1300 796 1468
pack 124 584 228 736
pack 256 1292 356 1476
pack 792 1084 896 1232
pack 700 1092 804 1240
pack 408 848 512 1000
pack 332 1076 452 1224
pack 196 296 300 488
pack 392 44 496 212
pack 588 40 692 208
pack 692 48 796 216
pack 292 36 396 204
pack 488 52 592 220
pack 600 332 704 484
pack 504 328 608 480
pack 396 324 500 476
pack 780 348 884 500
