pack 580 140 696 308
pack 476 432 584 596
pack 240 128 368 296
pack 784 988 888 1152
pack 892 700 1000 864
pack 40 92 160 296
pack 256 1264 368 1432
pack 776 696 884 860
pack 264 996 372 1160
pack 672 708 780 872
pack 468 1264 580 1432
pack 152 716 260 880
pack 880 992 984 1156
pack 476 140 592 308
pack 656 1244 768 1428
pack 48 716 156 880
pack 156 1516 260 1684
pack 484 972 584 1144
pack 576 716 684 880
pack 692 440 800 604
pack 796 436 904 600
pack 584 444 692 608
pack 580 992 684 1156
pack 772 1232 884 1416
pack 148 992 256 1156
pack 776 1504 880 1672
pack 892 436 1000 600
pack 676 992 780 1156
pack 356 716 464 880
pack 252 712 360 876
pack 352 128 480 296
pack 896 156 1012 324
pack 796 152 912 320
pack 380 980 480 1152
pack 72 1524 176 1692
pack 564 1260 676 1428
pack 52 988 160 1152
pack 128 124 256 292
pack 476 720 584 884
pack 872 1236 984 1420
pack 688 148 804 316
pack 52 1268 164 1436
pack 356 1268 468 1436
pack 164 1264 276 1432
pack 864 1500 968 1668
pack 676 1504 780 1672
pack 256 1516 360 1684
pack 564 1512 668 1680
pack 456 1512 560 1680
pack 360 1520 464 1688
pack 392 408 492 596
pack 36 412 152 580
pack 144 416 260 584
pack 260 420 376 588
