pack 1264 1324 1412 1576
pack 200 936 364 1156
pack 352 1364 500 1572
pack 1624 500 1788 720
pack 1800 1336 1948 1576
pack 1656 1332 1804 1572
pack 1748 500 1912 720
pack 956 492 1120 712
pack 1924 1368 2072 1580
pack 1320 932 1484 1152
pack 664 12 828 232
pack 356 940 520 1160
pack 164 16 328 236
pack 1680 52 1844 272
pack 820 1380 968 1592
pack 1928 912 2092 1148
pack 1528 1372 1668 1588
pack 1172 928 1336 1148
pack 648 504 812 724
pack 492 1348 640 1580
pack 1396 1368 1536 1584
pack 984 1360 1132 1572
pack 1988 72 2152 292
pack 664 1376 796 1588
pack 1836 60 2000 280
pack 1928 504 2092 724
pack 1124 1340 1272 1592
pack 840 936 1004 1156
pack 812 504 976 724
pack 836 36 1000 256
pack 1784 916 1948 1152
pack 184 488 348 708
pack 1012 936 1176 1156
pack 484 8 648 228
pack 996 44 1160 264
pack 212 1368 360 1576
pack 1472 940 1636 1160
pack 1620 936 1784 1156
pack 356 496 520 716
pack 1332 44 1496 264
pack 328 12 492 232
pack 1492 44 1656 264
pack 1200 504 1364 724
pack 1344 496 1508 716
pack 508 492 672 712
pack 688 924 852 1144
pack 512 932 676 1152
