pack 964 1052 1128 1288
pack 804 1052 968 1288
pack 1820 1060 1984 1272
pack 1852 92 2028 360
pack 1540 624 1712 844
pack 1392 616 1564 836
pack 776 604 948 828
pack 776 116 952 348
pack 2016 92 2192 360
pack 408 572 580 836
pack 596 1032 760 1280
pack 1256 584 1428 840
pack 436 1036 600 1284
pack 1944 1032 2108 1244
pack 68 108 244 340
pack 1104 588 1276 844
pack 1836 584 2012 840
pack 1084 1056 1248 1292
pack 1332 128 1508 360
pack 1660 1068 1824 1280
pack 148 1064 312 1276
pack 1384 1040 1548 1276
pack 244 600 408 848
pack 1516 1040 1680 1276
pack 228 112 404 344
pack 1232 1060 1396 1296
pack 960 608 1132 832
pack 1152 120 1328 352
pack 292 1076 456 1288
pack 1996 620 2148 832
pack 976 124 1152 356
pack 572 612 744 836
pack 1684 584 1860 840
pack 88 596 240 832
pack 1508 136 1684 368
pack 1668 132 1844 364
pack 608 120 784 352
pack 428 112 604 344
