pack 536 1304 684 1524
pack 680 1308 828 1528
pack 1128 124 1288 364
pack 516 524 668 764
pack 540 76 692 352
pack 1252 928 1400 1148
pack 92 916 244 1156
pack 224 512 360 752
pack 372 528 524 768
pack 824 924 972 1144
pack 1104 1252 1252 1504
pack 828 1292 976 1512
pack 664 524 816 764
pack 824 520 976 760
pack 388 920 540 1160
pack 1280 128 1412 368
pack 976 128 1136 368
pack 1108 508 1260 748
pack 72 520 208 760
pack 980 916 1128 1136
pack 1232 1252 1380 1504
pack 400 1296 548 1516
pack 676 112 836 352
pack 116 1308 264 1528
pack 812 132 972 372
pack 548 904 688 1152
pack 256 1308 404 1528
pack 1228 500 1380 740
pack 688 900 828 1148
pack 232 916 384 1156
pack 972 1260 1120 1512
pack 968 512 1120 752
pack 1108 924 1256 1144
pack 360 104 520 352
pack 40 104 200 352
pack 204 100 364 348
