pack 424 1144 596 1396
pack 1008 1188 1180 1412
pack 1364 688 1560 928
pack 748 172 944 412
pack 1936 1136 2104 1388
pack 1624 1180 1784 1412
pack 2056 176 2252 416
pack 1316 1152 1488 1408
pack 600 172 796 412
pack 1216 684 1412 924
pack 84 684 280 924
pack 1236 172 1432 412
pack 1716 176 1912 416
pack 1164 1148 1336 1404
pack 628 1192 800 1416
pack 1912 648 2108 888
pack 232 164 428 404
pack 1404 168 1600 408
pack 2092 656 2288 916
pack 824 684 1020 924
pack 116 1188 288 1416
pack 996 684 1192 924
pack 264 1184 436 1412
pack 1480 1176 1640 1408
pack 2080 1168 2236 1400
pack 428 172 624 412
pack 260 680 456 920
pack 804 1192 976 1416
pack 1764 1140 1932 1392
pack 48 164 244 404
pack 1884 188 2080 428
pack 1732 688 1928 928
pack 1556 692 1752 932
pack 940 164 1136 404
pack 660 680 856 920
pack 468 700 664 940
