pack 1436 904 1648 1212
pack 2076 904 2288 1212
pack 2484 1480 2704 1764
pack 1072 280 1300 596
pack 856 268 1084 584
pack 180 872 392 1180
pack 416 1468 628 1776
pack 384 884 596 1192
pack 204 264 432 580
pack 1228 892 1440 1200
pack 584 884 796 1192
pack 212 1456 424 1764
pack 424 260 652 576
pack 2488 908 2700 1216
pack 2088 1420 2308 1788
pack 2528 296 2764 612
pack 1444 1428 1664 1796
pack 2300 900 2512 1208
pack 832 1464 1044 1784
pack 628 1408 840 1764
pack 2128 288 2364 604
pack 1292 288 1520 604
pack 1696 1476 1916 1796
pack 2320 292 2556 608
pack 632 280 860 596
pack 1252 1452 1472 1796
pack 1888 1476 2108 1796
pack 2276 1428 2496 1796
pack 1032 1472 1252 1792
pack 1856 904 2068 1212
pack 1712 288 1940 604
pack 1656 908 1868 1216
pack 1024 884 1236 1192
pack 1508 276 1736 592
pack 1920 280 2156 596
pack 800 888 1012 1196
