pack 1644 1644 1876 1980
pack 1432 1636 1664 1972
pack 108 420 340 740
pack 784 412 1016 732
pack 2356 412 2588 732
pack 1236 416 1468 736
pack 124 1600 356 1936
pack 1052 1036 1252 1356
pack 560 416 792 736
pack 336 1576 568 1912
pack 1008 420 1240 740
pack 2076 1588 2308 1948
pack 1940 1028 2152 1356
pack 1260 976 1472 1364
pack 2568 1028 2800 1364
pack 312 416 544 736
pack 2572 412 2804 732
pack 2316 1640 2516 1944
pack 2140 984 2372 1360
pack 608 976 836 1352
pack 1496 980 1708 1368
pack 832 1036 1032 1356
pack 392 1036 624 1356
pack 2348 1036 2580 1372
pack 560 1644 792 1980
pack 1212 1636 1444 1972
pack 2128 420 2360 740
pack 1868 1604 2100 1964
pack 1012 1644 1244 1980
pack 768 1628 1000 1964
pack 2532 1644 2732 1948
pack 192 1032 424 1352
pack 1712 1028 1924 1356
pack 1684 420 1916 740
pack 1904 424 2136 744
pack 1456 416 1688 736
