pack 568 1296 824 1640
pack 2576 1288 2800 1632
pack 336 1272 592 1616
pack 1056 588 1288 984
pack 1704 664 1932 1032
pack 2136 1300 2392 1644
pack 816 656 1068 980
pack 596 656 848 980
pack 100 1280 356 1624
pack 2556 620 2800 1012
pack 2336 620 2580 1012
pack 1488 660 1716 1028
pack 2344 1292 2600 1636
pack 1264 596 1496 992
pack 136 648 388 972
pack 2120 668 2348 1036
pack 1912 660 2140 1028
pack 1496 1304 1752 1648
pack 1032 1288 1288 1632
pack 1704 1308 1960 1652
pack 1912 1304 2168 1648
pack 796 1288 1052 1632
pack 1264 1300 1520 1644
pack 368 656 620 980
