pack 1016 1800 1152 2012
pack 648 1436 784 1636
pack 1580 1056 1716 1260
pack 1592 252 1732 508
pack 1288 1772 1424 1988
pack 1680 1764 1816 1980
pack 392 668 528 872
pack 1468 668 1604 872
pack 664 284 808 492
pack 1068 280 1208 476
pack 272 1420 408 1600
pack 1200 288 1340 484
pack 364 1752 500 1964
pack 528 280 672 488
pack 256 664 392 868
pack 500 1784 636 1996
pack 1732 684 1868 888
pack 1200 1428 1336 1636
pack 1440 1396 1576 1624
pack 1604 680 1740 884
pack 1152 1784 1288 1996
pack 920 1392 1056 1628
pack 800 236 940 480
pack 520 668 656 872
pack 240 1044 376 1248
pack 1708 1420 1844 1632
pack 1412 1764 1548 1980
pack 1696 1068 1832 1272
pack 496 1048 632 1252
pack 768 1780 904 1992
pack 352 1052 488 1256
pack 1056 1396 1192 1632
pack 396 1424 532 1604
pack 796 672 932 876
pack 1720 248 1860 504
pack 1340 668 1476 872
pack 524 1388 660 1612
pack 260 276 404 484
pack 1548 1776 1684 1992
pack 1320 1424 1456 1632
pack 888 1780 1024 1992
pack 936 660 1072 864
pack 1068 676 1204 880
pack 788 1424 924 1624
pack 1572 1404 1708 1636
pack 228 1756 364 1968
pack 1208 668 1344 872
pack 616 1784 752 1996
pack 1436 1064 1572 1268
pack 932 240 1072 484
pack 1464 288 1604 484
pack 1332 288 1472 484
pack 888 1052 1024 1256
pack 664 664 800 868
pack 1032 1056 1168 1260
pack 632 1052 768 1256
pack 1304 1068 1440 1272
pack 764 1052 900 1256
pack 1168 1068 1304 1272
pack 404 268 548 476
