pack 220 388 440 692
pack 140 1588 364 1900
pack 2024 1616 2248 1928
pack 852 1008 1076 1320
pack 1056 1016 1280 1328
pack 1472 404 1692 736
pack 2480 1004 2704 1316
pack 2304 1012 2528 1324
pack 564 1576 788 1888
pack 644 404 864 716
pack 2084 1012 2308 1324
pack 1072 352 1292 732
pack 1264 344 1484 724
pack 356 1596 580 1908
pack 212 996 432 1308
pack 2264 376 2484 768
pack 844 400 1064 712
pack 2440 1616 2664 1928
pack 628 1000 852 1312
pack 420 996 640 1308
pack 2480 364 2700 756
pack 1672 416 1892 748
pack 2228 1620 2452 1932
pack 2064 412 2284 744
pack 1868 412 2088 744
pack 1400 1612 1624 1924
pack 1280 1008 1504 1320
pack 1888 1012 2112 1324
pack 976 1612 1200 1924
pack 1676 1016 1900 1328
pack 796 1608 1020 1920
pack 1484 1016 1708 1328
pack 1820 1620 2044 1932
pack 1612 1628 1836 1940
pack 1204 1616 1428 1928
pack 444 388 664 692
