pack 1456 1276 1688 1664
pack 108 4 332 364
pack 2120 724 2352 1084
pack 1240 1268 1472 1656
pack 520 668 752 1028
pack 280 668 496 1028
pack 2112 1288 2332 1648
pack 2340 1304 2560 1664
pack 2184 32 2408 392
pack 2544 1324 2756 1652
pack 1052 12 1276 372
pack 552 1256 784 1652
pack 2548 704 2780 1064
pack 2616 40 2804 400
pack 980 692 1212 1052
pack 72 680 288 1040
pack 996 1328 1228 1688
pack 136 1304 368 1664
pack 1232 700 1464 1060
pack 1912 1324 2112 1660
pack 588 8 812 368
pack 2400 40 2624 400
pack 1712 1324 1912 1660
pack 2336 708 2568 1068
pack 772 1308 1004 1668
pack 360 1308 592 1668
pack 1440 696 1672 1056
pack 1276 16 1500 376
pack 356 4 580 364
pack 1876 708 2108 1068
pack 816 4 1040 364
pack 740 684 972 1044
pack 1744 28 1968 388
pack 1512 20 1736 380
pack 1964 32 2188 392
pack 1660 704 1892 1064
