pack 808 284 1056 632
pack 2136 300 2384 648
pack 1484 284 1732 632
pack 2064 944 2296 1276
pack 592 268 840 616
pack 516 908 748 1240
pack 348 272 596 620
pack 300 920 532 1252
pack 2276 952 2508 1284
pack 2328 312 2576 660
pack 2492 936 2724 1268
pack 128 272 376 620
pack 1260 288 1508 636
pack 1028 288 1276 636
pack 2544 312 2792 660
pack 88 900 320 1232
pack 1188 936 1420 1268
pack 1692 292 1940 640
pack 1908 296 2156 644
pack 1632 940 1864 1272
pack 1852 940 2084 1272
pack 1396 932 1628 1264
pack 968 924 1200 1256
pack 760 912 992 1244
