pack 1656 1552 1864 1852
pack 1440 1556 1648 1856
pack 1468 264 1720 652
pack 2180 272 2432 660
pack 1236 1556 1444 1856
pack 352 876 600 1248
pack 2412 272 2664 660
pack 1020 904 1268 1240
pack 2620 928 2804 1256
pack 996 1524 1212 1872
pack 68 1468 288 1868
pack 1276 856 1508 1256
pack 576 824 824 1256
pack 2124 1484 2332 1856
pack 2584 1536 2792 1848
pack 1748 928 1980 1240
pack 2168 860 2400 1232
pack 1228 248 1480 636
pack 748 244 1000 632
pack 56 228 292 616
pack 2340 1532 2548 1844
pack 152 868 400 1240
pack 1504 848 1736 1248
pack 1004 244 1256 632
pack 540 1524 756 1872
pack 784 1524 1000 1872
pack 1980 928 2212 1240
pack 2648 268 2816 656
pack 520 240 772 628
pack 320 1468 540 1868
pack 280 224 516 612
pack 1912 1496 2120 1868
pack 2380 876 2612 1248
pack 792 900 1040 1236
pack 1928 264 2180 652
pack 1700 264 1952 652
