pack 1000 1784 1132 1972
pack 1128 1792 1260 1980
pack 492 1048 624 1244
pack 1688 1072 1820 1268
pack 1064 676 1196 888
pack 1460 684 1592 880
pack 492 1780 624 1968
pack 1184 296 1316 504
pack 804 264 936 472
pack 520 668 652 880
pack 1040 1408 1172 1628
pack 1304 1444 1436 1632
pack 1688 1440 1820 1632
pack 352 1052 484 1248
pack 1580 280 1712 528
pack 276 292 408 500
pack 232 1040 364 1236
pack 1720 684 1852 880
pack 1056 300 1188 508
pack 1324 676 1456 888
pack 364 1744 496 1956
pack 1644 1800 1776 1980
pack 1396 1768 1528 1976
pack 800 668 932 880
pack 772 1428 904 1620
pack 384 1420 516 1600
pack 932 264 1064 472
pack 232 1740 364 1952
pack 1556 1072 1688 1268
pack 264 672 396 884
pack 1432 1408 1564 1624
pack 392 664 524 876
pack 912 1400 1044 1620
pack 1524 1804 1656 1984
pack 1168 1436 1300 1624
pack 668 280 800 488
pack 744 1784 876 1972
pack 1416 1076 1548 1272
pack 512 1392 644 1620
pack 1592 684 1724 880
pack 636 1420 768 1612
pack 1712 284 1844 532
pack 1556 1428 1688 1644
pack 872 1784 1004 1972
pack 1268 1788 1400 1996
pack 1200 672 1332 884
pack 260 1412 392 1592
pack 532 288 664 496
pack 616 1776 748 1964
pack 1328 304 1460 512
pack 1444 308 1576 516
pack 1276 1068 1408 1264
pack 1016 1076 1148 1272
pack 652 668 784 880
pack 616 1052 748 1248
pack 932 676 1064 888
pack 1144 1068 1276 1264
pack 888 1060 1020 1256
pack 760 1056 892 1252
pack 408 288 540 496
