pack 268 1200 468 1484
pack 324 120 516 396
pack 512 1748 712 2032
pack 868 1736 1060 2036
pack 2400 680 2600 988
pack 900 128 1092 404
pack 316 652 516 960
pack 892 672 1092 980
pack 1096 676 1296 984
pack 1980 1232 2180 1516
pack 2384 92 2576 436
pack 1652 132 1844 428
pack 1992 1700 2184 1996
pack 1276 88 1468 408
pack 2212 684 2412 992
pack 1256 1704 1448 2036
pack 1820 1712 2012 2008
pack 2032 684 2232 992
pack 1464 132 1656 428
pack 692 1696 892 2028
pack 2364 1748 2556 2028
pack 2180 1220 2380 1504
pack 1444 1704 1636 2036
pack 1644 1728 1836 2024
pack 2356 1224 2556 1508
pack 712 120 904 396
pack 2196 92 2388 436
pack 716 668 916 976
pack 1096 76 1288 396
pack 512 652 712 960
pack 656 1224 856 1508
pack 2180 1724 2372 2032
pack 1056 1732 1248 2032
pack 464 1216 664 1500
pack 308 1736 508 2020
pack 2000 132 2192 428
pack 1824 136 2016 432
pack 1428 1224 1628 1508
pack 1600 1232 1800 1516
pack 1488 676 1688 984
pack 852 1220 1052 1504
pack 1228 1224 1428 1508
pack 1296 676 1496 984
pack 1664 680 1864 988
pack 1840 668 2040 976
pack 1796 1224 1996 1508
pack 1036 1216 1236 1500
pack 520 128 712 404
