pack 1444 1744 1652 2052
pack 1640 1736 1848 2044
pack 2584 20 2804 332
pack 2100 1148 2308 1480
pack 1256 1732 1464 2040
pack 248 44 468 356
pack 1084 20 1304 332
pack 1084 1188 1300 1492
pack 452 40 672 352
pack 640 640 844 924
pack 312 1176 528 1476
pack 264 1688 472 2032
pack 1728 20 1948 332
pack 1068 1736 1276 2044
pack 2132 4 2352 316
pack 2052 1708 2260 2032
pack 1844 1724 2052 2048
pack 1504 1156 1720 1504
pack 2340 8 2560 320
pack 2264 1744 2472 2032
pack 1512 24 1732 336
pack 2084 644 2292 932
pack 2512 1196 2720 1480
pack 512 1180 728 1480
pack 252 640 456 924
pack 1460 636 1664 920
pack 2508 616 2732 928
pack 2308 1172 2516 1504
pack 2292 628 2516 940
pack 672 32 892 344
pack 676 1144 892 1500
pack 1300 1152 1516 1500
pack 2468 1732 2676 2020
pack 456 1688 664 2032
pack 1900 1208 2116 1508
pack 888 1176 1104 1480
pack 1712 1200 1928 1500
pack 676 1732 884 2040
pack 1304 20 1524 332
pack 864 1736 1072 2044
pack 428 640 632 924
pack 1072 636 1276 920
pack 1252 640 1456 924
pack 884 24 1104 336
pack 856 640 1060 924
pack 1884 636 2088 920
pack 1660 636 1864 920
pack 1948 8 2168 320
