pack 0.99 319 496 519 786
pack 0.99 1987 1293 2174 1554
pack 0.99 1586 1216 1785 1522
pack 0.99 1402 1232 1580 1525
pack 0.99 1211 1240 1398 1513
pack 0.99 1027 1234 1216 1507
pack 0.99 736 502 937 797
pack 0.99 655 1203 827 1479
pack 0.99 475 1212 657 1466
pack 0.99 91 1140 279 1450
pack 0.99 274 1198 469 1461
pack 0.99 2532 567 2744 871
pack 0.99 2332 553 2536 863
pack 0.99 2118 549 2329 849
pack 0.99 1910 548 2106 838
pack 0.99 1715 542 1902 833
pack 0.99 1523 519 1715 828
pack 0.99 1327 517 1522 823
pack 0.99 1128 518 1319 815
pack 0.99 531 496 735 782
pack 0.99 137 485 326 761
pack 0.99 2187 1306 2363 1567
pack 0.99 834 1180 1007 1488
pack 0.99 2385 1318 2558 1584
pack 0.99 2575 1324 2774 1597
pack 0.99 2782 1342 2980 1629
pack 0.98 938 503 1133 800
pack 0.97 1782 1267 1981 1529
pack 0.94 2944 519 3146 887
pack 0.91 2733 612 2961 870
