pack 0.99 2645 1709 2833 2046
pack 0.99 2381 490 2575 778
pack 0.99 2577 474 2780 766
pack 0.99 344 1104 563 1403
pack 0.99 94 1102 311 1398
pack 0.99 605 1110 829 1401
pack 0.99 1970 1121 2178 1411
pack 0.99 1763 1141 1953 1412
pack 0.99 2198 1118 2400 1404
pack 0.99 2413 1121 2613 1404
pack 0.99 2616 1107 2835 1395
pack 0.99 2168 485 2374 772
pack 0.99 1959 485 2162 776
pack 0.99 833 478 1019 766
pack 0.99 1034 480 1219 777
pack 0.99 1228 492 1407 769
pack 0.99 1751 492 1950 781
pack 0.99 128 467 305 752
pack 0.99 2429 1708 2628 2050
pack 0.99 354 1747 568 2039
pack 0.99 158 1743 353 2043
pack 0.99 585 1751 796 2043
pack 0.99 840 1709 1039 2050
pack 0.99 1249 1748 1444 2045
pack 0.99 1446 1751 1641 2043
pack 0.99 1629 1759 1829 2047
pack 0.99 1835 1752 2034 2051
pack 0.99 2228 1753 2435 2055
pack 0.99 2025 1753 2234 2047
pack 0.99 1042 1714 1242 2038
pack 0.96 322 494 548 758
