pack 0.99 1528 291 1704 564
pack 0.99 1417 992 1602 1268
pack 0.99 2579 965 2793 1298
pack 0.99 492 971 673 1258
pack 0.99 687 978 861 1249
pack 0.99 855 981 1037 1265
pack 0.99 1047 983 1228 1269
pack 0.99 1897 296 2086 566
pack 0.99 1234 984 1412 1261
pack 0.99 1597 999 1798 1278
pack 0.99 943 297 1118 556
pack 0.99 1797 1000 1987 1286
pack 0.99 1998 1001 2173 1280
pack 0.99 2186 1007 2365 1296
pack 0.99 2367 1019 2570 1297
pack 0.99 1710 293 1899 570
pack 0.99 1324 300 1519 565
pack 0.99 309 958 488 1249
pack 0.99 2285 298 2478 568
pack 0.99 2090 305 2285 576
pack 0.99 1123 297 1308 556
pack 0.99 2486 298 2688 568
pack 0.99 571 294 759 555
pack 0.99 2846 1702 3026 2053
pack 0.99 2450 1741 2649 2022
pack 0.99 1846 1691 2043 1987
pack 0.99 1487 1682 1671 1972
pack 0.99 1299 1673 1479 1963
pack 0.99 736 1669 933 1940
pack 0.99 367 1647 561 1922
pack 0.99 557 1663 744 1929
pack 0.99 2040 1715 2256 1999
pack 0.99 390 297 571 557
pack 0.99 169 245 381 546
pack 0.99 754 299 932 578
pack 0.98 2709 246 2893 566
pack 0.98 1660 1680 1852 1976
pack 0.98 2797 968 3012 1308
pack 0.98 187 1641 370 1916
pack 0.98 2645 1774 2840 2030
pack 0.98 2249 1726 2455 2009
pack 0.94 95 919 233 1234
pack 0.93 2958 241 3107 563
pack 0.92 1110 1663 1300 1951
pack 0.91 932 1663 1116 1941
