pack 0.99 352 126 509 364
pack 0.99 1462 144 1610 357
pack 0.99 677 469 833 699
pack 0.99 541 445 682 701
pack 0.99 827 472 987 698
pack 0.99 544 811 693 1033
pack 0.99 844 814 975 1026
pack 0.99 1158 789 1310 1019
pack 0.99 1303 799 1452 1014
pack 0.99 1455 770 1602 1002
pack 0.99 700 807 842 1029
pack 0.99 1138 122 1284 353
pack 0.99 999 124 1134 359
pack 0.98 1613 140 1765 363
pack 0.98 1588 471 1744 684
pack 0.98 375 815 548 1038
pack 0.98 1295 473 1442 689
pack 0.98 834 82 992 355
pack 0.98 996 767 1140 1012
pack 0.98 682 102 838 365
pack 0.98 1447 430 1595 687
pack 0.97 981 433 1137 695
pack 0.97 188 475 351 708
pack 0.97 346 479 538 705
pack 0.97 1600 753 1756 1002
pack 0.97 515 90 679 350
pack 0.96 1124 433 1292 691
pack 0.93 189 156 353 368
