pack 0.99 621 99 804 348
pack 0.99 1676 1552 1832 1788
pack 0.99 1194 1565 1341 1803
pack 0.99 1031 1572 1187 1799
pack 0.99 834 491 993 735
pack 0.99 1000 495 1161 737
pack 0.99 1173 1219 1333 1457
pack 0.99 1027 1194 1174 1460
pack 0.99 1169 462 1324 711
pack 0.99 1340 502 1503 750
pack 0.99 1998 865 2157 1099
pack 0.99 1664 851 1808 1091
pack 0.99 1507 861 1651 1102
pack 0.99 1679 510 1840 734
pack 0.99 822 841 991 1106
pack 0.99 1347 1571 1486 1796
pack 0.99 1815 1218 1972 1447
pack 0.99 1833 1562 1983 1778
pack 0.99 1997 1530 2145 1775
pack 0.99 2016 165 2182 394
pack 0.99 1694 103 1840 372
pack 0.99 828 53 1051 364
pack 0.99 1167 129 1324 374
pack 0.98 1170 827 1343 1103
pack 0.98 2128 1216 2292 1446
pack 0.98 1491 1182 1652 1456
pack 0.98 2160 867 2322 1103
pack 0.98 1517 132 1684 371
pack 0.98 1336 93 1515 371
pack 0.98 1336 824 1494 1101
pack 0.98 990 822 1166 1088
pack 0.98 1523 513 1689 746
pack 0.98 2018 509 2171 742
pack 0.98 2140 1513 2303 1767
pack 0.97 824 1237 1015 1459
pack 0.97 2171 516 2341 749
pack 0.97 655 1229 824 1462
pack 0.97 1323 1210 1493 1454
pack 0.97 859 1584 1026 1809
pack 0.97 1975 1177 2134 1447
pack 0.96 1647 1180 1822 1448
pack 0.96 670 1597 833 1830
pack 0.96 2190 145 2366 392
pack 0.95 2132 1886 2286 2111
pack 0.94 1000 1915 1162 2087
pack 0.94 1668 1867 1814 2088
pack 0.91 1978 1886 2128 2086
pack 0.9 1504 1514 1661 1784
