pack 0.99 1647 1729 1844 2020
pack 0.99 337 1064 561 1360
pack 0.99 2246 1734 2457 2029
pack 0.99 2042 1726 2255 2022
pack 0.99 1780 1102 1970 1380
pack 0.99 1851 1729 2049 2025
pack 0.99 1448 1711 1649 2014
pack 0.99 1042 1671 1253 2008
pack 0.99 1257 1714 1445 2014
pack 0.99 834 1665 1037 2007
pack 0.99 584 1716 783 2006
pack 0.99 355 1710 565 2004
pack 0.99 153 1703 342 1993
pack 0.99 2457 1687 2654 2027
pack 0.99 2674 1681 2865 2029
pack 0.99 2233 1088 2442 1381
pack 0.99 2654 1076 2862 1375
pack 0.99 828 419 1024 720
pack 0.99 1038 422 1233 725
pack 0.99 1231 421 1429 730
pack 0.99 1773 435 1979 738
pack 0.99 1993 440 2193 737
pack 0.99 2629 444 2837 740
pack 0.99 2447 1087 2648 1379
pack 0.99 2423 447 2623 742
pack 0.99 1996 1090 2205 1385
pack 0.98 598 1071 819 1361
pack 0.98 97 404 291 705
pack 0.98 75 1074 299 1359
pack 0.98 2201 441 2413 738
pack 0.97 308 427 533 708
