pack 0.99 1896 1009 2095 1305
pack 0.99 2312 1010 2534 1298
pack 0.99 2109 1003 2311 1308
pack 0.99 1669 351 1881 639
pack 0.99 952 1004 1156 1296
pack 0.99 1169 1003 1354 1301
pack 0.99 478 361 669 640
pack 0.99 671 357 879 639
pack 0.99 980 356 1174 645
pack 0.99 1189 363 1389 638
pack 0.99 2812 325 3018 627
pack 0.99 2597 326 2812 637
pack 0.99 1387 353 1579 639
pack 0.99 2105 353 2318 639
pack 0.99 1880 341 2092 640
pack 0.99 2541 1011 2750 1310
pack 0.99 1908 1662 2104 1949
pack 0.99 2586 1651 2799 1955
pack 0.99 2749 1002 2957 1302
pack 0.99 275 355 467 636
pack 0.99 473 1630 693 1934
pack 0.98 2354 1645 2581 1957
pack 0.98 2117 1658 2335 1958
pack 0.98 229 1643 445 1931
pack 0.97 237 1003 443 1299
pack 0.97 456 1017 671 1302
pack 0.97 1359 999 1558 1303
pack 0.96 2367 325 2588 646
pack 0.96 2810 1636 3032 1950
pack 0.94 737 1638 960 1934
