pack 0.99 1974 893 2141 1144
pack 0.99 1110 927 1265 1169
pack 0.99 2125 542 2318 790
pack 0.99 926 513 1087 796
pack 0.99 1630 908 1810 1155
pack 0.99 1443 147 1600 410
pack 0.99 1275 922 1424 1169
pack 0.99 931 922 1104 1170
pack 0.99 1803 919 1966 1156
pack 0.99 2159 159 2326 414
pack 0.98 1243 534 1432 791
pack 0.98 548 938 719 1190
pack 0.98 744 920 932 1177
pack 0.98 1958 497 2123 790
pack 0.98 1086 535 1258 797
pack 0.98 1786 543 1957 792
pack 0.98 1982 158 2156 407
pack 0.98 1610 139 1768 399
pack 0.98 1258 88 1433 406
pack 0.98 884 100 1076 397
pack 0.97 1077 106 1268 410
pack 0.97 1592 498 1785 790
pack 0.97 703 135 890 410
pack 0.95 1430 496 1606 796
pack 0.94 2142 863 2325 1142
pack 0.94 515 544 718 794
pack 0.93 2136 1279 2302 1521
pack 0.91 1431 955 1625 1155
pack 0.9 537 1257 727 1519
pack 0.9 1951 1273 2130 1522
