pack 0.99 245 421 429 726
pack 0.99 2272 1221 2470 1509
pack 0.99 440 435 627 734
pack 0.99 642 448 828 727
pack 0.99 836 450 1019 741
pack 0.99 1221 462 1412 750
pack 0.99 2469 1216 2670 1516
pack 0.99 1026 452 1204 751
pack 0.99 1867 1191 2054 1491
pack 0.99 1488 1182 1669 1468
pack 0.99 1668 1190 1861 1478
pack 0.99 1301 1175 1484 1468
pack 0.99 1419 466 1607 756
pack 0.99 714 1164 921 1437
pack 0.99 1815 474 2007 765
pack 0.99 330 1132 527 1419
pack 0.99 520 1154 724 1424
pack 0.99 131 1145 328 1415
pack 0.99 1612 471 1805 766
pack 0.99 2024 479 2201 764
pack 0.99 2220 483 2402 779
pack 0.99 2402 494 2611 789
pack 0.99 2844 445 3062 807
pack 0.99 623 1841 798 2113
pack 0.99 996 1889 1181 2142
pack 0.99 1178 1882 1366 2149
pack 0.99 451 1844 623 2104
pack 0.99 258 1831 442 2097
pack 0.99 79 1780 256 2086
pack 0.98 1551 1823 1769 2155
pack 0.98 17 382 157 710
pack 0.98 1087 1178 1293 1456
pack 0.98 805 1813 973 2131
pack 0.98 2052 1211 2273 1497
pack 0.98 2861 1176 3056 1555
pack 0.97 2349 1950 2525 2198
pack 0.97 2619 445 2842 776
pack 0.96 908 1162 1103 1443
pack 0.96 1368 1873 1546 2167
pack 0.92 1932 2010 2150 2195
pack 0.91 2531 1962 2733 2194
pack 0.91 2668 1246 2869 1530
