pack 0.99 1468 125 1617 341
pack 0.99 360 448 517 687
pack 0.99 543 1128 702 1349
pack 0.99 1605 459 1748 680
pack 0.99 1457 467 1605 672
pack 0.99 1001 448 1135 678
pack 0.99 1306 1117 1452 1329
pack 0.99 1461 1092 1599 1324
pack 0.99 1586 786 1740 1004
pack 0.99 1290 792 1441 1008
pack 0.99 829 788 989 1014
pack 0.99 845 120 993 347
pack 0.99 686 789 836 1017
pack 0.99 544 766 687 1023
pack 0.99 687 86 834 331
pack 0.99 529 114 686 344
pack 0.99 376 111 528 343
pack 0.98 689 421 844 686
pack 0.98 1613 135 1769 344
pack 0.98 354 798 545 1025
pack 0.98 1138 442 1279 669
pack 0.98 1163 1108 1312 1336
pack 0.98 1597 1078 1745 1317
pack 0.98 1154 126 1313 338
pack 0.98 843 1124 978 1344
pack 0.98 1015 122 1169 342
pack 0.98 365 1118 543 1364
pack 0.98 997 1081 1146 1331
pack 0.98 201 805 362 1030
pack 0.97 981 754 1139 1021
pack 0.97 523 417 682 672
pack 0.97 837 414 992 672
pack 0.97 702 1128 843 1347
pack 0.96 1127 751 1286 1017
pack 0.96 1446 754 1588 1002
pack 0.96 1313 83 1460 334
pack 0.95 196 463 359 692
pack 0.95 218 64 378 325
pack 0.95 201 1150 368 1370
