pack 0.99 1293 471 1442 711
pack 0.99 675 811 822 1083
pack 0.99 667 129 824 375
pack 0.99 505 128 667 371
pack 0.99 994 137 1148 373
pack 0.99 1323 145 1478 367
pack 0.99 489 476 653 726
pack 0.99 987 437 1148 722
pack 0.99 1153 475 1292 722
pack 0.99 1628 499 1779 713
pack 0.99 1789 500 1941 719
pack 0.98 652 450 821 717
pack 0.98 1174 139 1330 371
pack 0.98 307 853 485 1091
pack 0.98 473 852 668 1082
pack 0.98 1757 830 1922 1065
pack 0.98 1481 107 1638 366
pack 0.98 1643 142 1801 368
pack 0.98 1795 153 1952 373
pack 0.98 822 836 985 1080
pack 0.97 821 456 993 728
pack 0.97 333 77 514 363
pack 0.97 972 832 1137 1073
pack 0.96 1450 826 1610 1065
pack 0.95 1285 799 1463 1070
pack 0.95 1618 791 1767 1061
pack 0.95 824 100 987 360
pack 0.94 1138 794 1292 1077
pack 0.91 311 519 484 737
