pack 0.99 1803 1382 1994 1668
pack 0.99 2420 1393 2613 1678
pack 0.99 2003 1386 2201 1673
pack 0.99 1286 1383 1474 1672
pack 0.99 899 1381 1087 1662
pack 0.99 1089 1380 1275 1667
pack 0.99 2673 756 2861 1038
pack 0.99 2463 759 2662 1042
pack 0.99 2244 760 2445 1046
pack 0.99 1786 759 1990 1042
pack 0.99 1996 770 2201 1041
pack 0.99 1585 766 1790 1034
pack 0.99 1316 762 1504 1038
pack 0.99 921 763 1105 1026
pack 0.99 1127 767 1316 1030
pack 0.99 631 762 822 1028
pack 0.99 432 755 622 1024
pack 0.99 235 744 422 1015
pack 0.99 2195 1396 2416 1673
pack 0.99 2619 1391 2810 1673
pack 0.99 398 2002 605 2297
pack 0.99 2675 2002 2875 2310
pack 0.99 2470 2019 2667 2319
pack 0.99 2025 2019 2239 2315
pack 0.99 1809 2030 2006 2317
pack 0.98 2246 2015 2462 2315
pack 0.98 154 2008 366 2294
pack 0.98 662 2008 882 2303
pack 0.91 402 1409 611 1662
