pack 0.99 1220 893 1396 1164
pack 0.99 1765 1277 1941 1542
pack 0.99 1241 1285 1401 1550
pack 0.99 1063 1290 1234 1546
pack 0.99 1568 857 1740 1168
pack 0.99 1061 871 1220 1165
pack 0.99 660 905 845 1165
pack 0.99 2112 531 2282 776
pack 0.99 1744 501 1906 767
pack 0.99 1404 453 1576 773
pack 0.99 1583 504 1736 774
pack 0.99 851 493 1033 772
pack 0.99 2298 145 2478 396
pack 0.99 1775 135 1945 377
pack 0.99 1402 122 1580 386
pack 0.99 1219 80 1395 367
pack 0.99 875 114 1040 372
pack 0.99 1044 117 1217 375
pack 0.99 1403 1293 1558 1543
pack 0.99 1940 1287 2107 1538
pack 0.99 2114 1259 2281 1531
pack 0.98 2101 858 2264 1156
pack 0.98 1954 93 2121 381
pack 0.98 1386 894 1569 1161
pack 0.98 2291 533 2462 784
pack 0.98 1733 868 1926 1156
pack 0.98 1580 1223 1747 1533
pack 0.98 871 1295 1058 1555
pack 0.98 1223 473 1408 771
pack 0.97 1924 904 2097 1158
pack 0.97 1026 468 1215 760
pack 0.97 2264 903 2454 1159
pack 0.97 848 900 1060 1160
pack 0.97 685 55 879 362
pack 0.96 1607 122 1780 387
pack 0.96 668 1311 846 1566
pack 0.96 2130 138 2293 386
pack 0.92 659 468 856 770
