pack 0.99 513 884 679 1149
pack 0.99 2475 234 2625 507
pack 0.99 588 283 759 518
pack 0.99 754 282 916 534
pack 0.99 2206 899 2383 1156
pack 0.99 2047 893 2205 1150
pack 0.99 1880 881 2044 1140
pack 0.99 1528 886 1708 1146
pack 0.99 1697 884 1868 1142
pack 0.99 1357 888 1531 1139
pack 0.99 1025 887 1193 1153
pack 0.99 1190 888 1363 1141
pack 0.99 852 887 1019 1152
pack 0.99 686 886 854 1136
pack 0.99 345 876 510 1149
pack 0.99 926 282 1083 506
pack 0.99 1090 275 1252 511
pack 0.99 1266 282 1441 510
pack 0.99 1449 273 1610 500
pack 0.99 1614 279 1778 516
pack 0.99 1778 276 1938 509
pack 0.99 1946 274 2110 517
pack 0.99 2115 270 2281 515
pack 0.99 2291 269 2465 513
pack 0.99 425 284 589 513
pack 0.99 398 1523 568 1770
pack 0.99 1930 1537 2131 1790
pack 0.99 1769 1526 1940 1789
pack 0.99 231 1526 397 1760
pack 0.98 2300 1546 2478 1807
pack 0.98 2636 1497 2817 1834
pack 0.98 2128 1542 2305 1799
pack 0.98 565 1524 760 1785
pack 0.98 2577 850 2765 1164
pack 0.98 2385 848 2579 1150
pack 0.98 743 1524 925 1779
pack 0.97 1596 1532 1764 1784
pack 0.97 219 236 404 515
pack 0.95 1423 1519 1594 1779
pack 0.93 2691 222 2817 501
pack 0.92 1259 1532 1420 1778
pack 0.9 2470 1583 2649 1808
