pack 0.99 288 1142 413 1324
pack 0.99 1729 1171 1869 1364
pack 0.99 364 652 490 856
pack 0.99 413 1142 542 1332
pack 0.99 676 1146 813 1335
pack 0.99 541 1144 680 1331
pack 0.99 1197 1149 1323 1346
pack 0.99 1458 1154 1589 1351
pack 0.99 1332 1151 1455 1347
pack 0.99 1591 1161 1734 1361
pack 0.99 1883 181 2016 364
pack 0.99 1742 181 1869 367
pack 0.99 1609 185 1736 371
pack 0.99 1474 179 1603 361
pack 0.99 1348 185 1474 370
pack 0.99 1070 1147 1193 1340
pack 0.99 885 665 1010 862
pack 0.99 1078 191 1205 364
pack 0.99 628 662 748 852
pack 0.99 1804 673 1940 863
pack 0.99 1549 671 1673 857
pack 0.99 1017 664 1146 853
pack 0.99 1144 666 1277 854
pack 0.99 1274 668 1408 860
pack 0.99 1409 668 1538 860
pack 0.99 1683 671 1807 865
pack 0.99 490 662 618 856
pack 0.99 1949 640 2094 864
pack 0.99 751 663 878 861
pack 0.99 549 189 675 367
pack 0.99 491 1626 613 1806
pack 0.99 359 1619 481 1804
pack 0.99 2028 147 2146 370
pack 0.99 994 1632 1127 1827
pack 0.99 1220 188 1342 362
pack 0.99 1671 1668 1797 1850
pack 0.99 1810 1669 1930 1855
pack 0.99 1940 1682 2072 1866
pack 0.99 935 188 1060 364
pack 0.99 679 190 801 378
pack 0.99 807 189 927 363
pack 0.99 419 192 546 369
pack 0.99 868 1637 999 1828
pack 0.99 228 1584 354 1794
pack 0.99 1260 1607 1396 1827
pack 0.99 1863 1171 2004 1361
pack 0.98 259 156 410 368
pack 0.98 2094 640 2232 874
pack 0.98 1534 1653 1661 1841
pack 0.98 733 1598 855 1820
pack 0.98 1126 1634 1253 1833
pack 0.98 208 623 320 849
pack 0.97 2195 139 2297 362
pack 0.97 612 1622 733 1818
pack 0.97 1387 1638 1529 1835
pack 0.96 2130 1137 2264 1376
pack 0.95 1995 1176 2134 1360
pack 0.94 2084 1686 2210 1880
