pack 0.99 2183 962 2400 1242
pack 0.99 1780 960 1976 1252
pack 0.99 1259 959 1449 1252
pack 0.99 1065 965 1248 1251
pack 0.99 2402 957 2598 1242
pack 0.99 2602 955 2799 1238
pack 0.99 1985 958 2190 1247
pack 0.99 849 964 1051 1249
pack 0.99 168 321 352 594
pack 0.99 2658 299 2858 587
pack 0.99 2230 297 2447 596
pack 0.99 1768 314 1970 596
pack 0.99 1984 326 2190 597
pack 0.99 1550 321 1761 601
pack 0.99 1285 316 1468 600
pack 0.99 1082 329 1277 602
pack 0.99 874 321 1068 601
pack 0.99 362 315 566 589
pack 0.99 364 1585 599 1890
pack 0.99 1799 1596 1992 1883
pack 0.99 2661 1572 2862 1866
pack 0.99 2453 1582 2659 1872
pack 0.99 2238 1585 2446 1877
pack 0.99 2004 1594 2214 1888
pack 0.99 564 322 764 603
pack 0.98 643 1601 870 1886
pack 0.98 2452 301 2660 598
pack 0.96 131 1603 343 1889
pack 0.95 139 975 341 1258
