pack 0.99 1176 420 1400 775
pack 0.99 3022 1170 3235 1558
pack 0.99 2787 1165 3022 1548
pack 0.99 2557 1175 2790 1541
pack 0.99 2322 1169 2557 1534
pack 0.99 2096 1159 2327 1539
pack 0.99 1853 1114 2068 1537
pack 0.99 1611 1161 1836 1532
pack 0.99 1390 1157 1613 1528
pack 0.99 1148 1147 1377 1523
pack 0.99 924 1138 1156 1514
pack 0.99 463 1125 696 1509
pack 0.99 701 1141 919 1511
pack 0.99 229 1118 467 1505
pack 0.99 724 425 932 772
pack 0.99 482 430 710 775
pack 0.99 947 416 1133 768
pack 0.99 251 423 462 777
pack 0.99 1415 426 1637 790
pack 0.99 1887 439 2110 795
pack 0.99 2112 432 2339 794
pack 0.99 2582 438 2806 803
pack 0.99 2356 434 2581 798
pack 0.99 2818 436 3030 806
pack 0.99 1646 435 1873 797
pack 0.98 32 409 248 772
pack 0.98 14 1101 243 1501
pack 0.93 3063 444 3257 785
