pack 0.99 1043 814 1221 1108
pack 0.99 1617 484 1783 733
pack 0.99 1758 847 1917 1107
pack 0.99 1412 810 1584 1120
pack 0.99 1591 851 1743 1121
pack 0.99 1235 819 1416 1125
pack 0.99 862 847 1045 1122
pack 0.99 2301 491 2472 736
pack 0.99 2134 486 2305 731
pack 0.99 1779 482 1945 732
pack 0.99 1419 475 1592 736
pack 0.99 2298 867 2471 1122
pack 0.99 1064 476 1232 732
pack 0.99 890 470 1057 730
pack 0.99 2309 108 2491 365
pack 0.99 2127 134 2301 365
pack 0.99 1421 63 1596 355
pack 0.99 1602 95 1776 350
pack 0.99 1244 102 1411 353
pack 0.99 687 77 870 335
pack 0.99 1933 1248 2100 1511
pack 0.98 2107 1203 2279 1505
pack 0.98 695 421 887 719
pack 0.98 1787 73 1940 348
pack 0.98 1232 439 1402 711
pack 0.98 2118 874 2289 1117
pack 0.97 2273 1250 2469 1506
pack 0.97 1740 1203 1937 1513
pack 0.97 1399 1239 1582 1511
pack 0.97 668 1257 864 1524
pack 0.97 1065 1228 1230 1520
pack 0.97 891 30 1090 324
pack 0.96 1945 66 2114 345
pack 0.96 1229 1247 1405 1515
pack 0.96 848 1261 1065 1518
pack 0.96 1574 1205 1752 1521
pack 0.95 1952 437 2124 731
pack 0.91 678 840 862 1129
