pack 0.99 2235 406 2431 693
pack 0.99 2039 408 2231 694
pack 0.99 1329 1107 1526 1410
pack 0.99 1140 1099 1333 1404
pack 0.99 936 1098 1131 1410
pack 0.99 743 1093 936 1402
pack 0.99 553 1085 738 1388
pack 0.99 160 1072 354 1388
pack 0.99 353 1082 546 1393
pack 0.99 1834 401 2022 678
pack 0.99 2670 351 2859 689
pack 0.99 2446 406 2652 696
pack 0.99 1647 397 1836 683
pack 0.99 1448 394 1637 671
pack 0.99 1030 394 1223 660
pack 0.99 1235 399 1438 671
pack 0.99 634 389 827 668
pack 0.99 843 394 1028 656
pack 0.99 447 384 651 657
pack 0.99 24 324 245 645
pack 0.99 258 387 452 650
pack 0.99 1531 1105 1737 1424
pack 0.99 1727 1114 1931 1417
pack 0.99 1940 1114 2131 1423
pack 0.99 2136 1131 2330 1438
pack 0.99 2327 1148 2534 1446
pack 0.99 2544 1096 2764 1452
pack 0.97 2920 347 3077 700
pack 0.95 2767 1090 2999 1474
