pack 0.99 1405 1290 1577 1560
pack 0.99 886 1297 1052 1553
pack 0.99 1399 1633 1577 1943
pack 0.99 1226 1638 1407 1947
pack 0.99 1027 1638 1217 1937
pack 0.99 855 1669 1036 1949
pack 0.99 2277 1315 2455 1553
pack 0.99 2119 1304 2278 1549
pack 0.99 1765 1300 1928 1548
pack 0.99 1226 1257 1397 1550
pack 0.99 1054 1295 1223 1551
pack 0.99 2107 958 2274 1192
pack 0.99 1775 894 1923 1175
pack 0.99 1591 933 1768 1169
pack 0.99 1414 896 1590 1183
pack 0.99 1233 930 1407 1178
pack 0.99 693 908 869 1164
pack 0.99 1775 591 1932 795
pack 0.99 2116 575 2272 815
pack 0.99 1600 570 1758 816
pack 0.99 1231 503 1405 800
pack 0.99 1579 1667 1734 1944
pack 0.99 2281 1692 2448 1944
pack 0.99 2102 1689 2273 1943
pack 0.99 1218 2076 1393 2350
pack 0.98 706 1241 882 1528
pack 0.98 1945 535 2110 808
pack 0.98 1597 1303 1769 1550
pack 0.98 900 872 1104 1159
pack 0.98 1377 2073 1561 2347
pack 0.98 2285 545 2455 815
pack 0.98 1936 1255 2109 1550
pack 0.98 2100 2032 2267 2331
pack 0.98 1408 509 1570 801
pack 0.98 1917 895 2097 1178
pack 0.98 1911 2074 2094 2339
pack 0.98 2283 931 2466 1194
pack 0.97 1563 2024 1737 2346
pack 0.97 1742 1662 1902 1933
pack 0.96 672 1654 856 1956
pack 0.96 2268 2069 2453 2335
pack 0.95 1053 2044 1222 2351
pack 0.95 839 2085 1058 2349
pack 0.94 874 495 1082 786
pack 0.93 1727 2028 1932 2345
pack 0.93 704 515 864 697
pack 0.92 1065 508 1213 769
pack 0.92 653 2086 851 2355
