pack 0.99 2271 1061 2466 1360
pack 0.99 723 1040 921 1320
pack 0.99 2471 1064 2671 1364
pack 0.99 1212 310 1396 602
pack 0.99 2676 1096 2874 1363
pack 0.99 319 1037 510 1308
pack 0.99 1007 306 1189 609
pack 0.99 528 1033 721 1304
pack 0.99 912 1036 1098 1324
pack 0.99 1112 1047 1291 1332
pack 0.99 1489 1042 1672 1334
pack 0.99 1293 1045 1483 1335
pack 0.99 1671 1052 1858 1337
pack 0.99 618 310 812 587
pack 0.99 1870 1057 2055 1339
pack 0.99 2059 1064 2273 1348
pack 0.99 2636 265 2855 591
pack 0.99 1604 319 1795 614
pack 0.99 2217 317 2410 615
pack 0.99 1814 319 1998 615
pack 0.99 2012 315 2198 608
pack 0.99 138 1040 325 1301
pack 0.99 1410 315 1591 612
pack 0.99 2410 318 2622 621
pack 0.99 469 1735 643 1978
pack 0.99 1191 1734 1382 2007
pack 0.99 821 1687 979 1995
pack 0.99 649 1719 815 1987
pack 0.99 815 304 1002 617
pack 0.99 95 1674 270 1978
pack 0.99 274 1721 458 1981
pack 0.99 1380 1736 1555 2016
pack 0.99 1569 1710 1762 2016
pack 0.99 1753 1759 1950 2014
pack 0.99 1962 1775 2147 2037
pack 0.99 1009 1729 1196 2018
pack 0.99 2165 1795 2336 2059
pack 0.99 2356 1799 2529 2064
pack 0.99 2554 1814 2731 2069
pack 0.99 214 300 418 604
pack 0.99 415 307 605 607
pack 0.98 2755 1825 2935 2120
pack 0.97 2863 260 3072 580
pack 0.95 2869 1015 3074 1384
