pack 0.99 1074 2019 1225 2279
pack 0.99 1065 1381 1223 1608
pack 0.99 1223 1675 1381 1942
pack 0.99 1058 1679 1219 1932
pack 0.98 1379 1391 1528 1601
pack 0.97 733 1043 906 1271
pack 0.97 1367 2048 1525 2266
pack 0.97 1216 2042 1371 2267
pack 0.97 1380 1045 1539 1275
pack 0.97 762 1338 929 1594
pack 0.97 1543 1387 1699 1594
pack 0.97 2134 1391 2289 1602
pack 0.96 2101 2029 2277 2252
pack 0.96 900 675 1086 913
pack 0.96 1516 2002 1667 2262
pack 0.96 2123 1707 2274 1925
pack 0.96 1374 1665 1525 1929
pack 0.95 1825 1341 1993 1599
pack 0.95 1996 747 2133 950
pack 0.95 1816 2020 1964 2259
pack 0.94 1220 720 1368 945
pack 0.94 1974 1705 2128 1923
pack 0.94 1690 1383 1836 1593
pack 0.93 736 720 891 932
pack 0.93 1538 1080 1699 1278
pack 0.93 1234 1062 1371 1276
pack 0.92 1980 1080 2143 1285
pack 0.92 1532 721 1689 952
pack 0.92 1684 723 1848 944
pack 0.91 1067 682 1206 912
pack 0.91 737 2058 902 2282
pack 0.91 903 1701 1054 1947
pack 0.91 924 1380 1072 1604
pack 0.9 1693 1030 1825 1269
pack 0.9 1528 1708 1663 1930
pack 0.9 2146 721 2289 915
