pack 0.99 304 206 480 475
pack 0.99 324 1460 488 1689
pack 0.99 2426 844 2611 1129
pack 0.99 1509 252 1667 485
pack 0.99 1159 255 1318 480
pack 0.99 1331 256 1497 482
pack 0.99 821 258 977 489
pack 0.99 989 254 1150 478
pack 0.99 664 254 825 483
pack 0.99 482 1459 653 1699
pack 0.99 812 1471 989 1711
pack 0.99 1631 1475 1797 1730
pack 0.99 646 1464 826 1699
pack 0.99 1313 1474 1473 1727
pack 0.99 1480 1469 1639 1730
pack 0.99 1802 1480 1967 1739
pack 0.99 1964 1495 2148 1748
pack 0.99 2318 1502 2487 1769
pack 0.99 2611 840 2793 1142
pack 0.99 2241 888 2422 1132
pack 0.99 2093 878 2249 1127
pack 0.99 2535 214 2691 490
pack 0.99 2350 261 2520 494
pack 0.99 2175 257 2341 495
pack 0.99 2003 262 2170 501
pack 0.99 1677 255 1836 493
pack 0.99 1836 256 2000 488
pack 0.99 586 857 746 1098
pack 0.99 428 843 585 1100
pack 0.99 761 862 921 1095
pack 0.99 917 862 1079 1103
pack 0.99 1088 864 1241 1106
pack 0.99 1252 866 1414 1101
pack 0.99 1415 870 1577 1102
pack 0.99 1575 876 1738 1116
pack 0.99 1749 870 1913 1115
pack 0.99 1923 874 2077 1120
pack 0.99 500 258 658 482
pack 0.99 575 2072 729 2311
pack 0.99 735 2070 879 2316
pack 0.99 1052 2094 1215 2326
pack 0.99 2065 2140 2215 2371
pack 0.99 2235 2145 2383 2381
pack 0.99 413 2060 573 2298
pack 0.99 1211 2094 1381 2328
pack 0.99 1379 2099 1534 2339
pack 0.99 246 2020 404 2291
pack 0.99 2655 1472 2819 1773
pack 0.99 2407 2158 2566 2396
pack 0.98 2491 1533 2648 1761
pack 0.98 1142 1477 1315 1717
pack 0.98 2148 1496 2323 1753
pack 0.98 223 804 364 1090
pack 0.97 1540 2057 1713 2334
pack 0.97 879 2043 1030 2324
pack 0.97 986 1465 1154 1704
pack 0.96 1709 2099 1881 2338
pack 0.93 1893 2133 2052 2364
pack 0.93 2748 204 2878 500
pack 0.92 2579 2166 2748 2433
