pack 0.99 267 959 449 1262
pack 0.99 1019 968 1210 1284
pack 0.99 736 282 912 544
pack 0.99 550 278 737 544
pack 0.99 922 277 1099 535
pack 0.99 1109 270 1299 536
pack 0.99 1306 272 1505 534
pack 0.99 1512 267 1698 535
pack 0.99 1702 265 1894 544
pack 0.99 1895 262 2086 533
pack 0.99 2096 268 2293 545
pack 0.99 2292 265 2491 546
pack 0.99 2508 260 2718 547
pack 0.99 450 966 639 1269
pack 0.99 646 960 840 1266
pack 0.99 365 277 547 542
pack 0.99 2733 213 2918 551
pack 0.99 140 227 349 538
pack 0.99 825 966 1019 1283
pack 0.99 1403 974 1614 1273
pack 0.99 1210 969 1413 1276
pack 0.99 1596 973 1814 1294
pack 0.99 1799 977 2011 1292
pack 0.99 2016 983 2216 1293
pack 0.99 2214 999 2409 1312
pack 0.99 2395 1015 2618 1312
pack 0.99 2631 954 2855 1325
pack 0.98 38 914 176 1267
pack 0.98 2863 961 3085 1335
pack 0.98 2980 196 3143 545
