pack 0.99 2180 398 2385 682
pack 0.99 402 1667 605 1952
pack 0.99 1663 1663 1870 1950
pack 0.99 1282 1658 1472 1951
pack 0.99 1475 1659 1672 1949
pack 0.99 1787 1043 1972 1316
pack 0.99 1078 1615 1285 1947
pack 0.99 622 1662 826 1957
pack 0.99 870 1618 1073 1964
pack 0.99 163 405 340 681
pack 0.99 2056 1657 2268 1948
pack 0.99 202 1671 387 1952
pack 0.99 1993 1028 2196 1317
pack 0.99 2229 1021 2429 1307
pack 0.99 2434 1020 2633 1301
pack 0.99 2634 1001 2842 1292
pack 0.99 2398 393 2587 677
pack 0.99 859 401 1043 684
pack 0.99 1872 1662 2072 1958
pack 0.99 2260 1656 2466 1950
pack 0.99 383 1037 595 1317
pack 0.99 2597 380 2790 668
pack 0.99 2464 1606 2659 1945
pack 0.99 1764 403 1960 692
pack 0.99 1258 411 1440 688
pack 0.99 140 1038 353 1318
pack 0.99 1978 398 2174 676
pack 0.99 1063 405 1242 687
pack 0.99 2677 1604 2866 1937
pack 0.98 638 1028 851 1324
pack 0.97 348 421 550 689
