pack 0.99 236 235 442 506
pack 0.99 613 778 798 1071
pack 0.99 1413 271 1605 556
pack 0.99 650 220 841 538
pack 0.99 429 788 626 1078
pack 0.99 238 788 429 1078
pack 0.99 1376 758 1565 1087
pack 0.99 1011 779 1189 1080
pack 0.99 1189 781 1368 1084
pack 0.99 797 770 990 1082
pack 0.99 236 1277 436 1568
pack 0.99 50 752 247 1063
pack 0.99 22 236 232 507
pack 0.99 1606 273 1793 596
pack 0.99 1210 254 1409 565
pack 0.99 1005 255 1204 561
pack 0.99 837 253 1033 560
pack 0.99 51 1266 253 1555
pack 0.99 426 1277 624 1571
pack 0.99 441 242 645 538
pack 0.99 1559 1309 1738 1607
pack 0.99 1366 1300 1550 1592
pack 0.99 988 1283 1194 1577
pack 0.99 1187 1289 1369 1587
pack 0.99 805 1256 994 1590
pack 0.98 614 1248 802 1569
pack 0.97 1556 760 1757 1093
