pack 0.99 280 921 444 1163
pack 0.99 890 940 1043 1184
pack 0.99 591 932 740 1165
pack 0.99 439 938 608 1176
pack 0.99 138 929 290 1160
pack 0.99 747 510 907 765
pack 0.99 904 516 1066 761
pack 0.99 600 511 761 760
pack 0.99 293 506 465 750
pack 0.99 440 508 606 755
pack 0.99 149 498 305 750
pack 0.99 743 84 906 339
pack 0.99 896 98 1061 347
pack 0.99 583 84 743 332
pack 0.99 264 45 433 324
pack 0.99 426 57 595 337
pack 0.99 750 936 901 1175
pack 0.99 323 1317 466 1553
pack 0.99 1042 938 1199 1178
pack 0.99 613 1320 764 1554
pack 0.99 918 1326 1065 1559
pack 0.99 461 1328 612 1540
pack 0.98 115 51 271 326
pack 0.98 1068 518 1218 782
pack 0.98 1211 1323 1360 1562
pack 0.96 766 1342 908 1551
pack 0.95 150 1283 314 1535
pack 0.93 1068 1337 1211 1566
pack 0.93 1185 948 1337 1197
pack 0.91 2 509 152 756
