pack 0.99 582 716 688 881
pack 0.99 265 721 368 878
pack 0.99 262 427 371 591
pack 0.99 485 435 591 597
pack 0.99 585 442 693 601
pack 0.99 682 445 794 601
pack 0.99 793 444 899 603
pack 0.99 902 439 1005 608
pack 0.99 56 715 158 875
pack 0.99 469 719 573 879
pack 0.99 159 715 266 877
pack 0.99 384 999 476 1154
pack 0.99 367 722 476 878
pack 0.99 682 718 782 882
pack 0.99 783 702 883 883
pack 0.99 883 695 990 885
pack 0.99 57 992 165 1150
pack 0.99 159 994 268 1154
pack 0.99 263 1001 374 1156
pack 0.99 478 990 578 1159
pack 0.99 43 424 155 587
pack 0.99 151 423 265 587
pack 0.99 131 113 261 309
pack 0.99 373 133 483 304
pack 0.99 261 130 376 306
pack 0.99 588 136 695 314
pack 0.99 473 133 587 312
pack 0.99 693 141 802 315
pack 0.99 803 143 911 326
pack 0.99 379 415 490 595
pack 0.99 579 997 690 1150
pack 0.99 39 95 161 292
pack 0.99 683 998 789 1151
pack 0.99 880 1000 981 1160
pack 0.99 786 992 884 1162
pack 0.99 159 1275 268 1423
pack 0.99 69 1273 169 1422
pack 0.99 268 1272 376 1426
pack 0.99 370 1263 476 1423
pack 0.99 576 1262 677 1421
pack 0.99 471 1267 583 1423
pack 0.99 779 1245 880 1417
pack 0.99 876 1243 976 1426
pack 0.99 577 1529 674 1676
pack 0.99 675 1528 775 1678
pack 0.99 775 1519 876 1678
pack 0.99 684 1245 782 1420
pack 0.98 275 1522 370 1672
pack 0.98 379 1526 475 1673
pack 0.97 476 1519 573 1669
pack 0.97 876 1519 971 1666
pack 0.95 903 145 1021 331
