pack 0.99 355 122 538 461
pack 0.99 1300 663 1482 987
pack 0.99 551 657 745 962
pack 0.99 750 668 934 967
pack 0.99 51 670 216 963
pack 0.99 1103 160 1293 466
pack 0.99 727 163 914 466
pack 0.99 209 657 396 959
pack 0.99 379 659 580 964
pack 0.99 924 659 1106 970
pack 0.99 1106 659 1300 967
pack 0.99 196 1196 380 1452
pack 0.99 544 127 738 460
pack 0.99 550 1201 735 1471
pack 0.99 374 1176 563 1460
pack 0.99 733 1193 916 1466
pack 0.99 919 1188 1098 1476
pack 0.99 1096 1210 1278 1477
pack 0.99 1271 1212 1465 1469
pack 0.99 1454 1226 1638 1488
pack 0.99 179 127 362 465
pack 0.96 898 196 1102 473
pack 0.96 1279 197 1476 478
