pack 0.99 341 605 528 934
pack 0.99 526 618 713 939
pack 0.99 1266 1147 1441 1455
pack 0.99 171 607 346 937
pack 0.99 1073 660 1259 941
pack 0.99 702 648 885 937
pack 0.99 881 654 1064 946
pack 0.99 1062 120 1268 433
pack 0.99 882 130 1075 436
pack 0.99 697 135 889 431
pack 0.99 346 135 509 423
pack 0.99 514 114 702 428
pack 0.99 158 81 344 419
pack 0.99 192 1130 365 1429
pack 0.99 885 1138 1085 1444
pack 0.99 1077 1146 1267 1437
pack 0.99 715 1151 910 1441
pack 0.99 359 1143 568 1424
pack 0.99 529 1140 722 1432
pack 0.98 30 1142 201 1439
pack 0.98 1250 645 1443 961
pack 0.96 1266 120 1452 434
