pack 0.99 993 982 1125 1172
pack 0.99 1519 978 1650 1169
pack 0.99 820 985 967 1170
pack 0.99 652 980 801 1168
pack 0.99 1126 948 1264 1168
pack 0.99 1385 984 1523 1161
pack 0.99 1253 954 1393 1155
pack 0.99 1652 940 1778 1165
pack 0.99 214 983 357 1170
pack 0.99 1776 943 1905 1162
pack 0.99 1899 966 2030 1162
pack 0.99 364 980 505 1170
pack 0.99 1329 92 1466 309
pack 0.99 496 961 642 1165
pack 0.99 830 552 962 747
pack 0.99 201 543 346 752
pack 0.99 353 539 490 749
pack 0.99 500 536 664 743
pack 0.99 683 551 827 751
pack 0.99 994 561 1130 750
pack 0.99 1902 106 2022 309
pack 0.99 1605 548 1747 755
pack 0.99 1767 517 1908 749
pack 0.99 1758 102 1891 315
pack 0.99 1608 95 1750 319
pack 0.99 1619 1376 1745 1545
pack 0.99 1122 1348 1250 1554
pack 0.99 629 88 770 298
pack 0.99 406 1388 537 1565
pack 0.99 271 1398 404 1566
pack 0.99 478 78 616 300
pack 0.99 783 98 930 300
pack 0.99 1880 1328 2001 1542
pack 0.99 1752 1361 1879 1544
pack 0.99 1496 1382 1621 1549
pack 0.99 323 78 478 293
pack 0.99 1253 1348 1378 1554
pack 0.99 1372 1380 1498 1549
pack 0.99 851 1386 982 1562
pack 0.99 986 1386 1116 1556
pack 0.98 1465 551 1620 755
pack 0.98 1160 547 1313 756
pack 0.98 1913 513 2041 752
pack 0.98 538 1361 671 1564
pack 0.98 679 1363 821 1561
pack 0.97 1305 548 1451 748
pack 0.94 926 117 1075 307
pack 0.93 158 74 315 295
