pack 0.99 214 239 445 585
pack 0.99 1107 820 1322 1164
pack 0.99 897 815 1124 1158
pack 0.99 681 813 919 1166
pack 0.99 460 831 685 1160
pack 0.99 45 808 267 1172
pack 0.99 256 821 466 1162
pack 0.99 1338 236 1555 582
pack 0.99 1552 236 1769 604
pack 0.99 1106 225 1343 573
pack 0.99 441 227 675 583
pack 0.99 493 1343 698 1672
pack 0.99 689 1344 895 1676
pack 0.99 896 1339 1098 1670
pack 0.99 1119 1379 1321 1675
pack 0.99 1330 1371 1532 1674
pack 0.99 1531 1365 1737 1683
pack 0.99 1771 228 2005 614
pack 0.99 894 193 1108 580
pack 0.98 1693 1318 1934 1766
pack 0.98 1333 784 1536 1149
pack 0.98 284 1354 482 1678
pack 0.98 1534 789 1737 1146
pack 0.98 75 1339 292 1664
pack 0.97 4 238 224 574
pack 0.96 681 211 887 594
pack 0.93 1723 770 1961 1140
