pack 0.99 607 1097 771 1317
pack 0.99 79 617 251 828
pack 0.99 110 1090 262 1313
pack 0.99 266 1098 433 1316
pack 0.99 424 1062 597 1309
pack 0.99 801 1104 964 1316
pack 0.99 1003 1103 1152 1322
pack 0.99 1154 1062 1306 1320
pack 0.99 1455 1102 1603 1320
pack 0.99 1301 1065 1457 1319
pack 0.99 1601 1100 1758 1323
pack 0.99 1902 1059 2051 1320
pack 0.99 2045 1094 2186 1337
pack 0.99 1717 600 1872 847
pack 0.99 1892 573 2061 842
pack 0.99 761 59 938 304
pack 0.99 933 74 1103 315
pack 0.99 1401 66 1558 322
pack 0.99 1226 45 1404 322
pack 0.99 1894 87 2054 332
pack 0.99 257 585 423 830
pack 0.99 444 575 618 825
pack 0.99 633 587 814 841
pack 0.99 813 607 974 838
pack 0.99 1195 605 1379 848
pack 0.99 1007 611 1158 837
pack 0.99 1358 605 1525 841
pack 0.99 1543 605 1720 849
pack 0.99 234 44 412 283
pack 0.99 322 1562 467 1770
pack 0.99 1294 1532 1434 1768
pack 0.99 2002 1500 2144 1752
pack 0.99 170 1563 316 1769
pack 0.99 1138 1524 1286 1770
pack 0.99 988 1558 1135 1764
pack 0.99 1716 1558 1860 1753
pack 0.99 627 1530 777 1768
pack 0.99 477 1530 617 1774
pack 0.99 842 1561 981 1770
pack 0.99 1578 1557 1720 1769
pack 0.98 412 44 571 301
pack 0.98 1860 1543 2012 1751
pack 0.98 587 52 785 302
pack 0.97 2063 571 2208 845
pack 0.96 1421 1559 1571 1765
pack 0.95 23 16 231 296
pack 0.95 2056 154 2214 334
pack 0.93 1722 73 1902 339
