pack 0.99 1824 704 1985 944
pack 0.99 1371 688 1528 921
pack 0.99 1808 267 1959 504
pack 0.99 1666 227 1831 497
pack 0.99 1961 284 2125 509
pack 0.99 2126 283 2285 511
pack 0.99 280 647 440 889
pack 0.99 127 646 288 897
pack 0.99 437 646 598 897
pack 0.99 740 663 906 905
pack 0.99 585 654 753 904
pack 0.99 898 664 1065 909
pack 0.99 1063 665 1224 913
pack 0.99 1219 683 1367 917
pack 0.99 1684 691 1823 938
pack 0.99 1549 683 1687 923
pack 0.99 1987 721 2142 950
pack 0.99 1522 228 1679 494
pack 0.99 1365 249 1532 485
pack 0.99 1067 230 1233 468
pack 0.99 1209 244 1374 479
pack 0.99 125 187 289 432
pack 0.99 439 199 605 445
pack 0.99 286 184 456 437
pack 0.99 606 212 769 453
pack 0.99 772 195 910 460
pack 0.99 911 199 1054 462
pack 0.99 2152 707 2320 967
pack 0.99 1321 1098 1479 1349
pack 0.99 1024 1099 1181 1347
pack 0.99 563 1091 730 1343
pack 0.99 2068 1096 2219 1371
pack 0.99 867 1091 1031 1343
pack 0.99 1778 1118 1933 1373
pack 0.99 257 1074 419 1329
pack 0.99 1626 1116 1783 1361
pack 0.99 1169 1084 1337 1353
pack 0.99 412 1087 586 1338
pack 0.99 1470 1104 1629 1357
pack 0.99 719 1090 877 1339
pack 0.98 1928 1122 2091 1371
pack 0.98 112 1060 269 1343
