pack 0.99 113 133 353 556
pack 0.99 1723 841 1947 1193
pack 0.99 1469 838 1717 1200
pack 0.99 826 792 1044 1172
pack 0.99 1248 835 1491 1197
pack 0.99 1059 824 1276 1193
pack 0.99 593 822 817 1181
pack 0.99 1956 204 2192 604
pack 0.99 355 820 588 1171
pack 0.99 112 827 346 1129
pack 0.99 325 148 587 558
pack 0.99 811 193 1050 570
pack 0.99 1045 194 1293 569
pack 0.99 1899 1399 2123 1802
pack 0.99 1703 1418 1920 1815
pack 0.99 1260 1450 1474 1812
pack 0.99 1467 1442 1679 1811
pack 0.99 1732 195 1979 606
pack 0.99 791 1454 1011 1806
pack 0.99 1016 1434 1232 1805
pack 0.99 565 1436 798 1827
pack 0.99 336 1441 566 1835
pack 0.99 110 1438 344 1822
pack 0.99 1506 197 1746 586
pack 0.99 1278 192 1505 585
pack 0.99 556 174 823 555
pack 0.93 1952 843 2161 1219
