pack 0.99 1617 685 1773 942
pack 0.99 680 656 849 907
pack 0.99 2014 272 2178 520
pack 0.99 1851 267 2013 510
pack 0.99 2182 268 2361 533
pack 0.99 204 639 376 887
pack 0.99 44 617 216 887
pack 0.99 521 653 686 895
pack 0.99 356 640 529 897
pack 0.99 840 659 1007 912
pack 0.99 1687 232 1835 512
pack 0.99 993 664 1162 918
pack 0.99 1302 673 1463 923
pack 0.99 1149 645 1318 920
pack 0.99 1461 675 1621 931
pack 0.99 1768 693 1934 940
pack 0.99 1547 217 1699 494
pack 0.99 2074 687 2248 951
pack 0.99 1364 230 1525 489
pack 0.99 364 169 538 444
pack 0.99 530 181 706 450
pack 0.99 701 188 868 457
pack 0.99 863 209 1031 470
pack 0.99 1033 208 1202 481
pack 0.99 1204 218 1357 480
pack 0.99 1926 703 2093 942
pack 0.99 205 162 375 436
pack 0.99 535 1085 684 1353
pack 0.99 679 1084 832 1334
pack 0.99 374 1086 524 1307
pack 0.99 830 1087 989 1338
pack 0.99 220 1045 380 1299
pack 0.99 976 1100 1135 1328
pack 0.99 1137 1107 1287 1332
pack 0.99 1999 1127 2147 1349
pack 0.99 1282 1109 1431 1334
pack 0.99 1575 1107 1713 1358
pack 0.99 1426 1104 1567 1347
pack 0.98 1711 1131 1855 1351
pack 0.98 1867 1120 2005 1360
pack 0.95 74 1045 237 1289
