pack 0.99 706 598 797 746
pack 0.99 315 589 421 738
pack 0.99 504 593 606 741
pack 0.99 400 325 498 478
pack 0.99 608 596 708 745
pack 0.99 800 607 889 757
pack 0.99 501 332 601 484
pack 0.99 128 854 232 997
pack 0.99 43 861 138 1002
pack 0.99 318 867 428 999
pack 0.99 410 859 515 998
pack 0.99 601 867 701 993
pack 0.99 510 862 608 1002
pack 0.99 703 859 803 994
pack 0.99 789 866 889 1000
pack 0.99 301 304 408 480
pack 0.99 411 593 515 743
pack 0.99 217 587 327 734
pack 0.99 190 303 308 473
pack 0.99 124 583 228 730
pack 0.99 598 336 698 489
pack 0.99 697 346 804 497
pack 0.99 100 297 208 478
pack 0.99 35 583 133 732
pack 0.99 219 847 323 996
pack 0.99 698 57 799 228
pack 0.99 434 1090 534 1231
pack 0.99 333 1082 439 1225
pack 0.99 532 1086 619 1233
pack 0.99 620 1090 712 1231
pack 0.99 807 1095 890 1231
pack 0.99 715 1088 802 1232
pack 0.99 441 1321 540 1463
pack 0.99 237 1082 338 1232
pack 0.99 598 47 701 219
pack 0.99 533 1325 618 1460
pack 0.99 623 1330 711 1465
pack 0.99 711 1331 801 1460
pack 0.99 799 1327 887 1461
pack 0.99 498 44 598 212
pack 0.99 148 1072 241 1219
pack 0.98 346 1318 447 1463
pack 0.97 802 60 908 231
pack 0.97 390 45 497 213
pack 0.97 292 36 389 201
pack 0.97 196 39 290 198
pack 0.92 326 1488 613 1504
pack 0.92 792 355 888 502
pack 0.9 476 1488 753 1504
