pack 0.99 1868 883 2080 1231
pack 0.99 748 267 968 620
pack 0.99 1196 865 1436 1218
pack 0.99 1426 871 1654 1226
pack 0.99 772 854 994 1214
pack 0.99 978 838 1206 1219
pack 0.99 540 879 768 1204
pack 0.99 101 872 338 1199
pack 0.99 312 871 544 1204
pack 0.99 1649 233 1873 630
pack 0.99 1426 250 1639 624
pack 0.99 1212 245 1434 625
pack 0.99 962 243 1185 620
pack 0.99 529 270 764 622
pack 0.99 78 255 308 615
pack 0.99 305 263 532 627
pack 0.99 1868 223 2107 634
pack 0.99 1644 879 1858 1224
pack 0.99 560 1457 775 1767
pack 0.99 121 1460 345 1770
pack 0.99 1424 1408 1630 1762
pack 0.99 1193 1453 1407 1779
pack 0.99 982 1451 1214 1776
pack 0.99 770 1447 999 1779
pack 0.99 336 1448 562 1773
pack 0.98 1613 1422 1830 1767
pack 0.93 1837 1413 2045 1770
