pack 0.99 198 187 363 452
pack 0.99 2019 267 2189 526
pack 0.99 356 188 528 463
pack 0.99 330 667 516 935
pack 0.99 181 653 359 928
pack 0.99 1357 255 1522 506
pack 0.99 1553 246 1699 498
pack 0.99 512 200 691 469
pack 0.99 2193 271 2374 551
pack 0.99 1857 284 2026 520
pack 0.99 1696 233 1842 526
pack 0.99 1191 239 1356 505
pack 0.99 1027 228 1199 496
pack 0.99 843 223 1018 485
pack 0.99 503 663 674 930
pack 0.99 824 683 999 950
pack 0.99 665 681 834 936
pack 0.99 683 214 851 485
pack 0.99 2098 702 2269 982
pack 0.99 1943 717 2114 976
pack 0.99 1780 711 1948 970
pack 0.99 1619 703 1787 966
pack 0.99 1458 698 1624 961
pack 0.99 1143 671 1318 953
pack 0.99 1293 692 1465 956
pack 0.99 985 681 1158 951
pack 0.92 18 627 198 922
