pack 0.99 202 106 370 348
pack 0.99 370 948 528 1205
pack 0.99 220 945 376 1204
pack 0.99 371 120 528 365
pack 0.99 531 129 685 393
pack 0.99 680 134 835 387
pack 0.99 977 138 1126 399
pack 0.99 1118 564 1256 785
pack 0.99 954 562 1111 792
pack 0.99 820 558 974 790
pack 0.99 532 523 682 770
pack 0.99 683 542 829 784
pack 0.99 380 538 527 762
pack 0.99 69 537 226 745
pack 0.99 218 530 374 750
pack 0.99 1124 149 1282 420
pack 0.99 512 951 647 1173
pack 0.99 72 942 227 1182
pack 0.99 667 940 801 1175
pack 0.99 360 1346 520 1570
pack 0.99 212 1346 365 1574
pack 0.99 68 1334 223 1574
pack 0.99 65 87 222 366
pack 0.99 956 933 1094 1176
pack 0.99 805 946 946 1178
pack 0.99 1085 929 1230 1180
pack 0.98 1262 561 1401 791
pack 0.98 782 1338 947 1593
pack 0.97 947 1345 1100 1581
pack 0.97 1266 138 1417 432
pack 0.9 827 140 983 411
