pack 0.99 202 101 380 376
pack 0.99 2141 706 2305 961
pack 0.99 1449 148 1618 403
pack 0.99 213 681 398 951
pack 0.99 26 681 208 941
pack 0.99 386 687 572 951
pack 0.99 576 685 755 956
pack 0.99 756 693 947 959
pack 0.99 951 700 1150 952
pack 0.99 1253 686 1440 957
pack 0.99 1435 694 1618 954
pack 0.99 1617 145 1801 409
pack 0.99 1982 708 2141 959
pack 0.99 992 132 1181 398
pack 0.99 816 125 1009 383
pack 0.99 617 129 796 386
pack 0.99 389 108 574 386
pack 0.99 22 103 194 372
pack 0.95 2224 194 2396 409
pack 0.92 1787 698 1965 975
pack 0.91 1831 143 2041 415
