pack 0.99 749 823 968 1172
pack 0.99 101 821 307 1166
pack 0.99 1641 786 1857 1176
pack 0.99 1209 816 1422 1175
pack 0.99 1424 822 1634 1177
pack 0.99 962 805 1183 1175
pack 0.99 535 821 766 1179
pack 0.99 310 820 540 1190
pack 0.99 1891 206 2120 565
pack 0.99 317 1418 539 1758
pack 0.99 1440 207 1675 564
pack 0.99 1672 207 1891 556
pack 0.99 1201 210 1439 574
pack 0.99 794 152 993 538
pack 0.99 1015 207 1226 565
pack 0.99 547 215 767 551
pack 0.99 301 204 537 548
pack 0.99 1848 768 2084 1184
pack 0.99 63 202 290 551
pack 0.99 109 1411 325 1757
pack 0.99 977 1413 1194 1773
pack 0.99 542 1426 772 1760
pack 0.99 1436 1418 1652 1768
pack 0.99 1655 1423 1858 1767
pack 0.99 1196 1409 1426 1751
pack 0.99 1848 1432 2072 1793
pack 0.99 759 1415 984 1767
