pack 0.99 70 105 245 363
pack 0.99 280 672 445 925
pack 0.99 1014 150 1188 400
pack 0.99 971 701 1145 949
pack 0.99 1592 153 1774 416
pack 0.99 80 667 259 917
pack 0.99 440 682 613 926
pack 0.99 614 686 789 936
pack 0.99 274 1191 438 1445
pack 0.99 791 695 960 940
pack 0.99 2081 720 2223 952
pack 0.99 1918 716 2070 951
pack 0.99 1748 712 1915 963
pack 0.99 1429 707 1592 946
pack 0.99 109 1191 271 1439
pack 0.99 1439 166 1595 411
pack 0.99 1022 1208 1190 1446
pack 0.99 249 105 423 374
pack 0.99 432 121 608 386
pack 0.99 641 139 819 408
pack 0.99 1922 1177 2099 1456
pack 0.99 1572 1210 1751 1458
pack 0.99 1734 1220 1914 1461
pack 0.99 1379 1206 1554 1449
pack 0.99 464 1198 640 1444
pack 0.99 1221 1200 1396 1458
pack 0.99 831 1213 997 1444
pack 0.99 663 1205 828 1459
pack 0.99 1252 702 1429 947
pack 0.97 2174 187 2333 428
pack 0.97 843 136 1023 389
pack 0.95 2092 1176 2260 1454
