pack 0.99 283 1177 405 1336
pack 0.99 1079 814 1200 981
pack 0.99 1685 1155 1784 1308
pack 0.99 1443 824 1552 977
pack 0.99 1567 788 1683 971
pack 0.99 406 1181 527 1334
pack 0.99 526 1145 650 1329
pack 0.99 931 1172 1048 1330
pack 0.99 1324 823 1448 983
pack 0.99 1047 1143 1159 1326
pack 0.99 1263 1166 1372 1318
pack 0.99 1159 1136 1267 1323
pack 0.99 1373 1160 1488 1317
pack 0.99 1481 1137 1586 1320
pack 0.99 1584 1130 1691 1307
pack 0.99 292 810 409 988
pack 0.99 946 825 1067 979
pack 0.99 813 824 926 980
pack 0.99 688 816 805 987
pack 0.99 549 809 673 983
pack 0.99 416 813 532 984
pack 0.99 1195 818 1310 979
pack 0.99 431 1525 542 1681
pack 0.99 311 1528 434 1682
pack 0.99 514 62 636 246
pack 0.99 1329 89 1442 270
pack 0.99 413 444 535 621
pack 0.99 537 449 654 626
pack 0.99 653 452 780 627
pack 0.99 770 456 892 626
pack 0.99 1255 1506 1354 1654
pack 0.99 1359 1505 1462 1651
pack 0.99 1555 471 1662 630
pack 0.99 807 1521 923 1671
pack 0.99 1456 1503 1559 1644
pack 0.99 1150 1479 1254 1650
pack 0.99 1038 1485 1150 1656
pack 0.99 926 1511 1038 1662
pack 0.98 389 53 504 226
pack 0.98 900 462 1020 631
pack 0.98 1221 91 1325 259
pack 0.98 1216 465 1328 627
pack 0.98 536 1494 657 1681
pack 0.98 657 1175 780 1327
pack 0.98 793 1175 920 1331
pack 0.97 1671 1460 1769 1646
pack 0.97 1098 454 1221 630
pack 0.97 268 443 397 615
pack 0.97 253 46 378 222
pack 0.97 1718 115 1831 262
pack 0.96 667 69 784 253
pack 0.95 924 75 1040 245
pack 0.93 1570 1481 1676 1638
pack 0.91 654 1582 791 1676
pack 0.9 808 74 935 245
