pack 0.99 209 105 369 335
pack 0.99 824 522 966 770
pack 0.99 827 911 979 1144
pack 0.99 691 907 831 1152
pack 0.99 554 903 693 1149
pack 0.99 391 922 548 1155
pack 0.99 89 928 245 1149
pack 0.99 241 926 388 1148
pack 0.99 1280 125 1421 377
pack 0.99 1112 510 1249 772
pack 0.99 963 532 1105 765
pack 0.99 517 543 668 760
pack 0.99 1115 925 1256 1168
pack 0.99 678 531 813 761
pack 0.99 379 524 535 760
pack 0.99 225 523 374 764
pack 0.99 79 521 222 751
pack 0.99 974 925 1121 1147
pack 0.99 1130 127 1276 368
pack 0.99 542 1296 694 1530
pack 0.99 43 112 202 329
pack 0.99 368 117 524 336
pack 0.99 405 1314 539 1523
pack 0.99 109 1332 258 1528
pack 0.99 1119 1277 1249 1502
pack 0.99 839 1297 973 1513
pack 0.99 983 1283 1114 1505
pack 0.99 687 1297 840 1522
pack 0.99 689 115 840 358
pack 0.99 818 124 973 357
pack 0.99 970 129 1133 369
pack 0.99 262 1306 403 1518
pack 0.98 530 80 675 337
pack 0.96 1253 475 1407 764
