pack 0.99 1109 1082 1261 1326
pack 0.99 957 1110 1107 1328
pack 0.99 2047 653 2200 896
pack 0.99 104 1092 263 1313
pack 0.99 266 1102 421 1319
pack 0.99 424 1072 573 1327
pack 0.99 802 1101 950 1330
pack 0.99 588 1058 751 1323
pack 0.99 301 1536 458 1738
pack 0.99 1263 1086 1412 1325
pack 0.99 1404 1128 1552 1323
pack 0.99 1553 1135 1699 1323
pack 0.99 1696 1131 1845 1326
pack 0.99 1846 1115 2001 1323
pack 0.99 1986 1075 2140 1336
pack 0.99 1903 605 2061 877
pack 0.99 1750 604 1898 884
pack 0.99 1605 650 1756 887
pack 0.99 374 35 560 310
pack 0.99 772 75 940 337
pack 0.99 1361 88 1548 347
pack 0.99 1931 69 2110 369
pack 0.99 208 599 365 833
pack 0.99 36 589 197 831
pack 0.99 558 613 721 850
pack 0.99 372 567 543 845
pack 0.99 762 628 931 865
pack 0.99 975 629 1130 869
pack 0.99 1449 642 1590 869
pack 0.99 1282 592 1443 877
pack 0.99 152 1535 302 1732
pack 0.99 182 41 355 311
pack 0.99 1784 1538 1914 1721
pack 0.99 1921 1534 2057 1729
pack 0.99 465 1543 619 1758
pack 0.99 644 1507 795 1754
pack 0.99 799 1505 937 1745
pack 0.99 943 1506 1086 1740
pack 0.99 1229 1525 1372 1731
pack 0.99 1086 1529 1232 1728
pack 0.99 1370 1537 1509 1725
pack 0.99 1513 1545 1644 1719
pack 0.99 1651 1532 1776 1717
pack 0.98 1738 106 1913 379
pack 0.98 1130 593 1290 867
pack 0.98 593 58 770 331
pack 0.97 1559 79 1736 374
pack 0.97 1197 76 1383 353
pack 0.97 2095 72 2270 384
pack 0.95 979 72 1139 340
