pack 0.99 155 650 255 821
pack 0.99 371 931 471 1098
pack 0.99 259 657 366 819
pack 0.99 359 664 460 817
pack 0.99 465 658 569 817
pack 0.99 577 655 681 819
pack 0.99 678 656 777 818
pack 0.99 783 642 878 817
pack 0.99 880 638 984 822
pack 0.99 44 646 150 819
pack 0.99 47 948 160 1099
pack 0.99 150 943 262 1099
pack 0.99 900 378 1001 544
pack 0.99 692 382 796 536
pack 0.99 251 56 372 237
pack 0.99 365 61 480 236
pack 0.99 467 58 586 250
pack 0.99 690 76 801 253
pack 0.99 582 67 689 244
pack 0.99 793 70 908 256
pack 0.99 29 362 144 504
pack 0.99 481 371 590 533
pack 0.99 582 379 683 540
pack 0.99 795 381 896 536
pack 0.99 257 942 365 1098
pack 0.99 28 25 144 210
pack 0.99 467 1209 588 1369
pack 0.99 572 1206 680 1369
pack 0.99 478 928 579 1099
pack 0.99 156 1218 264 1372
pack 0.99 54 1224 159 1371
pack 0.99 784 939 885 1101
pack 0.99 680 937 785 1095
pack 0.99 263 1213 369 1373
pack 0.99 359 1203 479 1375
pack 0.99 771 1190 875 1356
pack 0.99 569 937 683 1091
pack 0.98 134 46 259 234
pack 0.98 259 362 377 520
pack 0.98 869 1188 977 1363
pack 0.98 898 78 1015 270
pack 0.98 145 362 264 506
pack 0.98 674 1205 784 1364
pack 0.98 880 934 983 1114
pack 0.97 378 362 481 525
pack 0.93 673 1484 771 1614
pack 0.9 465 1465 572 1592
pack 0.9 872 1459 973 1620
