pack 0.99 2091 650 2249 923
pack 0.99 1918 660 2096 915
pack 0.99 1025 704 1188 927
pack 0.99 1219 688 1394 934
pack 0.99 1378 696 1562 922
pack 0.99 1569 695 1751 929
pack 0.99 1742 692 1909 925
pack 0.99 665 698 832 933
pack 0.99 107 692 269 932
pack 0.99 277 692 440 933
pack 0.99 834 704 999 928
pack 0.99 461 690 637 927
pack 0.99 1418 176 1584 418
pack 0.99 67 155 252 399
pack 0.99 256 161 425 407
pack 0.99 428 170 599 413
pack 0.99 606 171 771 413
pack 0.99 782 176 947 415
pack 0.99 1916 184 2066 423
pack 0.99 1742 180 1907 430
pack 0.99 2072 186 2222 412
pack 0.99 1480 1190 1638 1405
pack 0.99 622 1191 792 1413
pack 0.99 1943 1140 2084 1394
pack 0.99 1793 1144 1939 1400
pack 0.99 1630 1177 1792 1421
pack 0.99 1328 1150 1487 1406
pack 0.99 1014 1195 1179 1419
pack 0.99 1177 1151 1332 1411
pack 0.99 816 1198 989 1415
pack 0.99 283 1213 450 1415
pack 0.99 440 1165 615 1410
pack 0.99 118 1196 277 1410
pack 0.98 1246 170 1419 415
pack 0.98 954 184 1132 417
pack 0.96 2089 1164 2222 1408
