pack 0.99 174 184 355 464
pack 0.99 2063 235 2264 536
pack 0.99 380 677 531 930
pack 0.99 53 627 232 915
pack 0.99 208 637 382 920
pack 0.99 1711 227 1891 519
pack 0.99 1376 225 1551 504
pack 0.99 1884 231 2068 518
pack 0.99 703 684 868 945
pack 0.99 1536 225 1720 510
pack 0.99 1029 206 1211 499
pack 0.99 857 204 1040 491
pack 0.99 682 202 868 489
pack 0.99 518 202 696 479
pack 0.99 547 682 701 965
pack 0.99 856 686 1021 953
pack 0.99 1989 726 2139 994
pack 0.99 1196 189 1381 509
pack 0.99 2131 716 2286 989
pack 0.99 1672 709 1826 972
pack 0.99 342 188 526 474
pack 0.99 1499 714 1659 978
pack 0.99 1016 703 1185 955
pack 0.99 1817 728 1974 981
pack 0.99 1191 714 1348 960
pack 0.99 1347 713 1507 968
pack 0.98 2238 232 2427 534
