pack 0.99 1178 945 1344 1156
pack 0.99 1913 523 2039 725
pack 0.99 1623 960 1773 1157
pack 0.99 1316 951 1472 1153
pack 0.99 1481 948 1636 1158
pack 0.99 849 960 991 1156
pack 0.99 1006 956 1152 1156
pack 0.99 703 955 842 1159
pack 0.99 529 951 681 1158
pack 0.99 228 950 363 1162
pack 0.99 367 947 514 1159
pack 0.99 1784 917 1937 1153
pack 0.99 1775 524 1905 728
pack 0.99 1629 520 1772 734
pack 0.99 1354 515 1491 726
pack 0.99 805 511 960 726
pack 0.99 658 507 809 727
pack 0.99 514 503 663 718
pack 0.99 356 502 512 715
pack 0.99 191 495 342 709
pack 0.99 1492 58 1639 282
pack 0.99 996 46 1141 259
pack 0.99 499 27 642 265
pack 0.99 177 15 330 239
pack 0.99 223 1388 352 1581
pack 0.99 1399 1384 1543 1575
pack 0.99 823 1391 962 1582
pack 0.99 359 1385 510 1582
pack 0.99 652 1383 799 1584
pack 0.99 1000 1388 1135 1590
pack 0.99 1929 1365 2059 1570
pack 0.99 1132 1347 1278 1585
pack 0.99 490 1368 641 1585
pack 0.99 1266 1349 1405 1578
pack 0.99 1541 1376 1677 1581
pack 0.99 1670 1343 1804 1573
pack 0.99 1801 1340 1939 1575
pack 0.98 336 18 474 241
pack 0.98 1191 507 1361 730
pack 0.97 962 517 1112 727
pack 0.97 1990 45 2124 279
pack 0.96 1924 919 2072 1161
pack 0.96 676 39 828 250
pack 0.95 1357 58 1494 268
pack 0.94 844 42 1004 255
