pack 0.99 54 628 226 923
pack 0.99 201 630 379 938
pack 0.99 1573 221 1762 512
pack 0.99 1749 223 1939 522
pack 0.99 1406 215 1594 507
pack 0.99 1930 229 2120 524
pack 0.99 2300 235 2495 546
pack 0.99 2116 271 2316 540
pack 0.99 371 677 541 951
pack 0.99 1703 719 1868 1010
pack 0.99 541 680 707 986
pack 0.99 694 687 867 963
pack 0.99 862 691 1036 969
pack 0.99 1027 710 1204 967
pack 0.99 1209 721 1377 983
pack 0.99 872 195 1056 487
pack 0.99 1047 198 1235 495
pack 0.99 701 194 885 484
pack 0.99 345 169 537 472
pack 0.99 524 189 703 471
pack 0.99 1230 170 1413 499
pack 0.99 1371 726 1539 992
pack 0.99 172 163 364 470
pack 0.99 1540 735 1697 1010
pack 0.99 1860 756 2027 1020
pack 0.99 286 1082 439 1336
pack 0.99 778 1141 948 1410
pack 0.99 600 1129 769 1385
pack 0.99 946 1127 1108 1405
pack 0.99 1085 1148 1246 1418
pack 0.99 1407 1185 1573 1424
pack 0.99 1578 1192 1737 1427
pack 0.99 1739 1178 1903 1440
pack 0.99 2033 756 2206 1019
pack 0.99 2188 740 2366 1021
pack 0.98 9 136 191 456
pack 0.97 2255 1172 2422 1461
pack 0.97 430 1099 600 1368
pack 0.91 99 1002 278 1341
