pack 0.99 837 898 968 1112
pack 0.99 957 1251 1074 1433
pack 0.99 1300 923 1432 1112
pack 0.99 1417 913 1552 1111
pack 0.99 1543 907 1673 1108
pack 0.99 162 923 284 1105
pack 0.99 271 923 395 1108
pack 0.99 389 926 507 1111
pack 0.99 496 928 621 1111
pack 0.99 610 920 734 1110
pack 0.99 724 918 846 1108
pack 0.99 953 916 1075 1109
pack 0.99 1068 915 1191 1104
pack 0.99 1186 915 1311 1113
pack 0.99 177 1222 296 1421
pack 0.99 81 1217 193 1415
pack 0.99 295 1246 409 1429
pack 0.99 407 1249 516 1439
pack 0.99 948 237 1077 430
pack 0.99 510 1249 623 1431
pack 0.99 730 1257 848 1426
pack 0.99 1320 586 1460 778
pack 0.99 156 592 274 773
pack 0.99 265 589 385 776
pack 0.99 373 596 496 779
pack 0.99 495 594 619 775
pack 0.99 615 598 744 780
pack 0.99 727 590 865 781
pack 0.99 853 590 981 781
pack 0.99 967 590 1101 783
pack 0.99 1103 584 1217 778
pack 0.99 1215 573 1334 787
pack 0.99 1451 589 1580 778
pack 0.99 1592 586 1725 778
pack 0.99 1560 234 1684 426
pack 0.99 1433 234 1562 433
pack 0.99 1307 248 1434 432
pack 0.99 625 1246 737 1434
pack 0.99 851 1257 963 1429
pack 0.99 490 214 598 431
pack 0.99 678 1539 786 1735
pack 0.99 708 237 838 429
pack 0.99 1180 1250 1295 1444
pack 0.99 596 214 709 428
pack 0.99 999 1561 1117 1737
pack 0.99 1113 1562 1229 1735
pack 0.99 1226 1554 1347 1737
pack 0.99 362 242 484 425
pack 0.99 238 1527 340 1693
pack 0.99 1069 1248 1184 1440
pack 0.99 831 237 953 430
pack 0.99 1402 1249 1520 1446
pack 0.99 1284 1252 1406 1444
pack 0.98 134 235 253 428
pack 0.98 448 1538 570 1727
pack 0.98 17 241 131 432
pack 0.98 1185 216 1322 433
pack 0.98 245 243 363 430
pack 0.98 1065 220 1205 432
pack 0.98 1504 1238 1620 1438
pack 0.97 52 908 173 1109
pack 0.97 1577 1547 1696 1750
pack 0.96 334 1535 459 1731
pack 0.96 1480 1534 1588 1739
pack 0.96 1353 1539 1472 1738
pack 0.94 560 1547 688 1743
pack 0.92 785 1549 906 1733
pack 0.9 101 1503 232 1702
