pack 0.99 1583 607 1751 897
pack 0.99 1241 593 1418 870
pack 0.99 1763 609 1928 884
pack 0.99 381 565 546 834
pack 0.99 548 564 724 854
pack 0.99 725 576 900 845
pack 0.99 894 574 1069 862
pack 0.99 1057 590 1233 873
pack 0.99 1418 598 1586 883
pack 0.99 453 1001 630 1266
pack 0.99 1930 617 2097 905
pack 0.99 2107 624 2269 906
pack 0.99 2265 603 2439 906
pack 0.99 309 991 460 1229
pack 0.99 38 520 223 825
pack 0.99 194 519 379 830
pack 0.99 2211 95 2421 405
pack 0.99 2015 69 2216 383
pack 0.99 1819 57 2025 390
pack 0.99 1631 51 1834 380
pack 0.99 1072 45 1274 359
pack 0.99 688 34 902 345
pack 0.99 325 21 522 332
pack 0.99 147 14 346 329
pack 0.99 1674 1478 1849 1714
pack 0.99 300 1417 462 1662
pack 0.99 623 1000 803 1285
pack 0.99 459 1445 611 1678
pack 0.99 757 1434 917 1714
pack 0.99 1604 1085 1767 1321
pack 0.99 1775 1089 1946 1333
pack 0.99 1440 1069 1610 1326
pack 0.99 1118 1025 1295 1318
pack 0.99 1065 1481 1216 1704
pack 0.99 804 1034 980 1305
pack 0.99 961 1029 1130 1298
pack 0.99 926 1444 1071 1680
pack 0.99 1212 1491 1371 1709
pack 0.99 1369 1502 1513 1706
pack 0.99 1845 1500 2012 1707
pack 0.98 619 1451 766 1694
pack 0.98 1447 56 1641 375
pack 0.98 513 17 711 340
pack 0.98 881 31 1088 353
pack 0.96 1254 14 1469 368
pack 0.95 176 1405 319 1672
pack 0.95 2409 183 2589 406
