pack 0.99 2098 669 2274 930
pack 0.99 1619 661 1757 923
pack 0.99 506 634 684 895
pack 0.99 356 629 523 897
pack 0.99 665 638 827 892
pack 0.99 821 634 989 894
pack 0.99 976 638 1150 898
pack 0.99 1140 642 1296 902
pack 0.99 1287 649 1449 912
pack 0.99 1480 641 1617 910
pack 0.99 1778 669 1935 921
pack 0.99 1934 675 2092 923
pack 0.99 956 1078 1117 1333
pack 0.99 205 1067 371 1321
pack 0.99 496 1072 659 1318
pack 0.99 338 1064 519 1322
pack 0.99 801 1083 968 1328
pack 0.99 654 1086 813 1328
pack 0.99 205 625 372 878
pack 0.99 1915 214 2085 452
pack 0.99 1606 164 1766 450
pack 0.99 1767 212 1922 454
pack 0.99 31 148 188 412
pack 0.99 342 156 504 416
pack 0.99 504 164 672 421
pack 0.99 820 147 967 434
pack 0.99 685 147 825 423
pack 0.99 973 182 1141 435
pack 0.99 1131 180 1295 440
pack 0.99 1295 191 1454 442
pack 0.99 1448 171 1614 448
pack 0.99 2090 222 2242 459
pack 0.99 182 148 348 414
pack 0.99 1101 1053 1265 1346
pack 0.99 1869 1100 2032 1342
pack 0.99 364 1516 505 1736
pack 0.99 807 1511 955 1762
pack 0.99 953 1531 1100 1739
pack 0.99 1108 1526 1244 1744
pack 0.99 1251 1526 1391 1753
pack 0.99 1539 1503 1682 1773
pack 0.99 1388 1518 1531 1773
pack 0.99 1675 1523 1820 1774
pack 0.99 1823 1522 1963 1775
pack 0.99 1967 1537 2098 1765
pack 0.99 222 1465 376 1730
pack 0.99 657 1510 804 1769
pack 0.99 1407 1080 1567 1337
pack 0.99 1564 1093 1718 1341
pack 0.99 1707 1096 1875 1339
pack 0.99 2017 1074 2185 1350
pack 0.99 1250 1073 1415 1332
pack 0.97 512 1509 654 1782
