pack 0.99 1331 722 1511 1026
pack 0.99 1511 739 1694 1029
pack 0.99 1149 726 1335 1001
pack 0.99 593 681 780 1020
pack 0.99 949 698 1146 1001
pack 0.99 763 706 953 1023
pack 0.99 396 712 582 1002
pack 0.99 14 690 213 996
pack 0.99 202 709 393 1000
pack 0.99 1148 196 1331 507
pack 0.99 755 194 952 496
pack 0.99 561 193 752 492
pack 0.99 377 193 579 518
pack 0.99 189 194 381 505
pack 0.99 971 189 1151 495
pack 0.99 578 1195 770 1490
pack 0.99 31 1233 213 1470
pack 0.99 213 1197 405 1473
pack 0.99 412 1211 588 1481
pack 0.99 1318 1181 1495 1490
pack 0.99 1153 1184 1320 1481
pack 0.99 943 1202 1119 1493
pack 0.99 769 1196 969 1491
pack 0.97 4 179 196 494
pack 0.95 1521 192 1749 520
pack 0.9 1485 1183 1674 1505
