pack 0.99 111 79 214 270
pack 0.99 736 963 841 1108
pack 0.99 236 677 352 835
pack 0.99 445 688 550 841
pack 0.99 538 686 642 844
pack 0.99 648 690 750 848
pack 0.99 745 692 839 852
pack 0.99 419 116 526 289
pack 0.99 530 121 636 300
pack 0.99 143 964 249 1108
pack 0.99 235 956 347 1110
pack 0.99 334 965 446 1110
pack 0.99 437 961 538 1108
pack 0.99 634 964 742 1110
pack 0.99 54 960 150 1109
pack 0.99 535 962 642 1111
pack 0.99 330 683 445 835
pack 0.99 634 124 742 300
pack 0.99 140 674 247 833
pack 0.99 636 423 742 586
pack 0.99 316 105 421 282
pack 0.99 219 384 326 563
pack 0.99 124 379 225 564
pack 0.99 333 392 431 570
pack 0.99 431 415 535 572
pack 0.99 523 419 635 583
pack 0.99 46 677 146 835
pack 0.99 732 427 842 589
pack 0.99 740 130 841 313
pack 0.99 368 1448 463 1598
pack 0.99 454 1204 564 1358
pack 0.99 272 1440 370 1603
pack 0.99 832 1462 927 1599
pack 0.99 846 1213 936 1362
pack 0.99 746 1458 836 1599
pack 0.99 257 1202 360 1357
pack 0.99 561 1459 650 1603
pack 0.99 557 1205 651 1357
pack 0.99 654 1200 750 1358
pack 0.99 650 1457 741 1607
pack 0.99 177 1447 269 1602
pack 0.99 831 966 934 1115
pack 0.99 463 1448 560 1600
pack 0.99 751 1206 845 1358
pack 0.99 221 113 315 280
pack 0.99 158 1185 260 1346
pack 0.99 354 1202 462 1356
pack 0.9 846 136 957 314
pack 0.9 832 704 929 868
