pack 0.99 336 934 447 1082
pack 0.99 842 673 938 834
pack 0.99 144 932 252 1078
pack 0.99 2364 686 2453 860
pack 0.99 2271 690 2364 860
pack 0.99 2088 708 2185 861
pack 0.99 2185 707 2272 863
pack 0.99 1991 702 2080 857
pack 0.99 1895 704 1992 859
pack 0.99 1799 702 1911 859
pack 0.99 1616 704 1727 863
pack 0.99 1698 705 1814 858
pack 0.99 1389 687 1487 841
pack 0.99 1285 678 1387 842
pack 0.99 1195 668 1290 830
pack 0.99 1113 659 1199 831
pack 0.99 231 930 349 1080
pack 0.99 439 931 543 1078
pack 0.99 543 935 649 1082
pack 0.99 1456 956 1555 1107
pack 0.99 261 1170 361 1324
pack 0.99 355 1175 460 1321
pack 0.99 1787 959 1881 1107
pack 0.99 1600 954 1701 1103
pack 0.99 1691 957 1786 1105
pack 0.99 1362 955 1462 1100
pack 0.99 638 934 743 1081
pack 0.99 1276 943 1373 1091
pack 0.99 1185 946 1276 1094
pack 0.99 736 935 840 1083
pack 0.99 832 938 935 1086
pack 0.99 999 664 1102 827
pack 0.99 748 667 845 825
pack 0.99 560 1179 654 1329
pack 0.99 525 390 641 549
pack 0.99 433 387 537 544
pack 0.99 332 362 436 539
pack 0.99 222 353 328 532
pack 0.99 125 350 227 533
pack 0.99 1952 159 2050 326
pack 0.99 1302 132 1404 293
pack 0.99 1199 124 1306 295
pack 0.99 1099 112 1203 285
pack 0.99 531 92 641 269
pack 0.99 631 96 743 268
pack 0.99 420 89 530 259
pack 0.99 222 84 316 249
pack 0.99 320 83 424 255
pack 0.99 641 396 745 558
pack 0.99 726 400 840 566
pack 0.99 46 649 149 807
pack 0.99 544 657 648 817
pack 0.99 651 663 753 823
pack 0.99 445 661 551 814
pack 0.99 240 652 355 807
pack 0.99 331 654 447 806
pack 0.99 141 647 248 804
pack 0.99 2305 454 2397 603
pack 0.99 1404 430 1493 572
pack 0.99 1306 423 1402 573
pack 0.99 1103 420 1202 568
pack 0.99 1207 419 1301 568
pack 0.99 826 408 943 574
pack 0.99 458 1180 564 1325
pack 0.99 112 48 219 244
pack 0.99 982 1440 1083 1587
pack 0.99 1087 1186 1179 1338
pack 0.99 1666 1439 1756 1581
pack 0.99 1270 1428 1376 1591
pack 0.99 995 1186 1081 1335
pack 0.99 1078 1442 1178 1581
pack 0.99 1175 1448 1272 1584
pack 0.99 1184 1171 1278 1340
pack 0.99 1281 1173 1372 1342
pack 0.99 744 1429 841 1574
pack 0.99 1458 1181 1548 1351
pack 0.99 833 1431 931 1573
pack 0.99 1771 1204 1864 1352
pack 0.99 1682 1202 1768 1352
pack 0.99 563 1433 652 1576
pack 0.99 655 1427 745 1578
pack 0.99 465 1420 562 1576
pack 0.99 2047 1208 2128 1358
pack 0.99 2222 1190 2307 1357
pack 0.99 179 1411 272 1573
pack 0.99 277 1413 370 1576
pack 0.99 1751 1429 1840 1585
pack 0.99 750 1173 844 1331
pack 0.99 1841 1428 1931 1581
pack 0.99 848 1181 937 1334
pack 0.99 363 1413 463 1575
pack 0.99 654 1175 749 1331
pack 0.98 744 106 848 286
pack 0.98 2196 459 2302 607
pack 0.98 2113 452 2213 608
pack 0.98 1952 1208 2046 1358
pack 0.98 55 938 151 1074
pack 0.98 156 1152 260 1315
pack 0.98 1089 945 1185 1093
pack 0.98 1371 1177 1459 1344
pack 0.98 1856 1210 1954 1357
pack 0.98 1488 692 1582 860
pack 0.97 1005 421 1104 561
pack 0.97 1411 131 1505 295
pack 0.97 1824 450 1931 591
pack 0.97 2060 976 2158 1116
pack 0.97 1498 429 1589 609
pack 0.96 2185 1451 2291 1601
pack 0.96 1845 152 1959 321
pack 0.96 850 110 966 304
pack 0.96 1928 1427 2014 1580
pack 0.96 1752 146 1858 324
pack 0.95 1588 1204 1681 1370
pack 0.93 579 1680 670 1801
pack 0.93 1729 438 1833 599
pack 0.92 1004 923 1095 1085
pack 0.92 1612 440 1730 610
pack 0.92 986 113 1101 289
pack 0.9 1960 954 2061 1129
pack 0.9 1867 972 1975 1129
