pack 0.99 530 749 711 1020
pack 0.99 1067 757 1272 1029
pack 0.99 519 217 714 507
pack 0.99 347 222 552 510
pack 0.99 721 210 907 521
pack 0.99 1088 211 1273 521
pack 0.99 1282 215 1459 533
pack 0.99 168 209 350 519
pack 0.99 169 774 351 1009
pack 0.99 343 738 535 1008
pack 0.99 892 750 1074 1035
pack 0.99 717 752 894 1025
pack 0.99 1252 757 1458 1030
pack 0.99 733 1247 918 1486
pack 0.99 368 1190 553 1487
pack 0.98 542 1215 734 1479
pack 0.97 901 209 1096 530
pack 0.96 914 1248 1083 1507
pack 0.93 1449 792 1636 1039
pack 0.9 1096 1237 1260 1501
