pack 0.99 1854 590 2003 845
pack 0.99 456 1050 598 1289
pack 0.99 256 639 409 830
pack 0.99 1990 623 2135 856
pack 0.99 1712 584 1852 844
pack 0.99 1422 628 1559 840
pack 0.99 1267 585 1415 842
pack 0.99 1124 580 1271 852
pack 0.99 970 623 1112 841
pack 0.99 783 624 936 843
pack 0.99 584 604 739 833
pack 0.99 88 605 253 830
pack 0.99 2018 96 2161 377
pack 0.99 1860 98 2032 358
pack 0.99 1326 131 1491 369
pack 0.99 1172 129 1343 366
pack 0.99 979 133 1126 361
pack 0.99 786 127 945 353
pack 0.99 612 109 786 368
pack 0.99 160 1076 314 1284
pack 0.99 237 101 413 342
pack 0.99 306 1072 450 1285
pack 0.99 957 1075 1100 1282
pack 0.99 607 1041 767 1282
pack 0.99 1256 1035 1394 1271
pack 0.99 1113 1038 1253 1272
pack 0.99 1818 1062 1960 1266
pack 0.99 814 1069 956 1284
pack 0.99 1673 1076 1812 1269
pack 0.98 60 90 243 346
pack 0.97 415 96 605 351
pack 0.97 411 578 568 827
pack 0.95 1572 631 1715 844
pack 0.94 1949 1032 2095 1277
pack 0.93 1677 157 1844 368
