pack 0.99 210 163 374 426
pack 0.99 250 1041 409 1309
pack 0.99 2021 196 2195 461
pack 0.99 1848 191 2025 462
pack 0.99 1333 184 1506 455
pack 0.99 1169 179 1338 453
pack 0.99 841 179 1009 441
pack 0.99 680 178 846 436
pack 0.99 1288 1100 1437 1343
pack 0.99 396 1071 539 1312
pack 0.99 552 1074 699 1345
pack 0.99 688 1079 841 1326
pack 0.99 838 1075 992 1330
pack 0.99 2096 647 2285 926
pack 0.99 2204 196 2398 476
pack 0.99 223 632 384 886
pack 0.99 76 618 229 882
pack 0.99 524 644 686 893
pack 0.99 370 647 538 889
pack 0.99 672 649 843 899
pack 0.99 832 645 1001 905
pack 0.99 986 647 1153 904
pack 0.99 1138 634 1316 906
pack 0.99 1291 651 1464 907
pack 0.99 1452 654 1621 912
pack 0.99 1610 652 1782 919
pack 0.99 1774 656 1949 917
pack 0.99 1141 1090 1290 1336
pack 0.99 983 1087 1140 1325
pack 0.99 328 1444 458 1672
pack 0.99 603 1459 766 1719
pack 0.99 1014 176 1186 449
pack 0.99 1042 1472 1194 1733
pack 0.99 905 1473 1049 1720
pack 0.99 1329 1508 1485 1739
pack 0.99 1483 1502 1634 1742
pack 0.99 1632 1501 1787 1750
pack 0.99 515 168 684 433
pack 0.99 353 159 523 427
pack 0.99 1533 162 1689 449
pack 0.99 1436 1097 1581 1353
pack 0.99 1724 1115 1880 1359
pack 0.99 1588 1091 1739 1357
pack 0.99 1886 1117 2038 1362
pack 0.99 2026 1100 2175 1359
pack 0.99 1686 161 1833 467
pack 0.99 1943 661 2123 923
pack 0.98 2085 1497 2255 1778
pack 0.98 767 1476 916 1735
pack 0.92 106 1014 263 1295
