pack 0.99 283 140 427 391
pack 0.99 591 144 752 391
pack 0.99 747 995 909 1245
pack 0.99 909 990 1067 1250
pack 0.99 1224 146 1386 405
pack 0.99 446 994 606 1236
pack 0.99 311 990 479 1236
pack 0.99 20 999 169 1236
pack 0.99 162 990 314 1235
pack 0.99 436 137 590 395
pack 0.99 742 144 907 393
pack 0.99 907 141 1064 397
pack 0.99 1212 1000 1371 1271
pack 0.99 750 586 905 824
pack 0.99 908 591 1066 833
pack 0.99 591 587 751 821
pack 0.99 446 575 604 816
pack 0.99 282 544 442 813
pack 0.99 136 541 295 819
pack 0.99 1072 143 1232 411
pack 0.99 1060 993 1207 1250
pack 0.99 607 998 765 1249
pack 0.99 124 97 287 384
pack 0.99 1048 1421 1203 1655
pack 0.99 895 1423 1050 1652
pack 0.99 600 1440 745 1644
pack 0.99 449 1445 604 1643
pack 0.99 148 1434 299 1642
pack 0.98 749 1424 905 1656
pack 0.98 1200 1437 1345 1663
pack 0.98 287 1413 440 1642
pack 0.93 1052 640 1216 835
