pack 0.99 2057 682 2199 907
pack 0.99 277 656 441 905
pack 0.99 1723 669 1889 920
pack 0.99 1409 670 1577 907
pack 0.99 787 669 960 908
pack 0.99 618 664 786 906
pack 0.99 434 666 608 902
pack 0.99 91 651 254 897
pack 0.99 2134 166 2289 394
pack 0.99 100 1173 265 1416
pack 0.99 1783 168 1959 401
pack 0.99 1573 151 1739 402
pack 0.99 1002 143 1177 372
pack 0.99 836 140 1013 376
pack 0.99 628 134 814 394
pack 0.99 261 117 424 362
pack 0.99 1898 683 2049 916
pack 0.99 74 114 247 360
pack 0.99 271 1173 439 1414
pack 0.99 2076 1128 2238 1413
pack 0.99 1735 1175 1890 1404
pack 0.99 1918 1128 2095 1409
pack 0.99 1569 1153 1733 1412
pack 0.99 1220 1161 1395 1424
pack 0.99 1378 1161 1548 1405
pack 0.99 1009 1178 1180 1414
pack 0.99 819 1185 992 1419
pack 0.99 648 1170 822 1431
pack 0.99 458 1161 632 1417
pack 0.98 432 125 610 391
pack 0.98 1225 671 1410 911
pack 0.98 1417 156 1566 389
pack 0.98 956 677 1144 904
pack 0.94 1973 151 2131 391
