pack 0.99 250 806 451 1081
pack 0.99 1021 838 1214 1135
pack 0.99 853 819 1043 1126
pack 0.99 1236 274 1437 609
pack 0.99 463 806 656 1097
pack 0.99 48 805 252 1078
pack 0.99 1042 247 1236 588
pack 0.99 1425 831 1603 1143
pack 0.99 1213 836 1418 1134
pack 0.99 1617 274 1821 644
pack 0.99 682 778 852 1113
pack 0.99 446 1354 641 1657
pack 0.99 624 1359 804 1640
pack 0.99 457 262 649 558
pack 0.99 842 275 1048 580
pack 0.99 1429 272 1625 613
pack 0.99 1207 1341 1392 1660
pack 0.99 826 1336 1007 1645
pack 0.99 60 1331 258 1657
pack 0.99 256 1339 442 1664
pack 0.99 655 274 844 589
pack 0.98 259 249 455 565
pack 0.91 1002 1592 1199 1649
pack 0.91 1380 1393 1571 1639
