pack 0.99 739 877 841 1013
pack 0.99 2014 656 2109 797
pack 0.99 448 873 552 1011
pack 0.99 257 869 366 1013
pack 0.99 356 875 459 1013
pack 0.99 168 868 270 1010
pack 0.99 2275 644 2357 803
pack 0.99 2184 646 2274 803
pack 0.99 2104 657 2189 802
pack 0.99 1923 653 2015 792
pack 0.99 1831 658 1927 793
pack 0.99 547 876 649 1017
pack 0.99 1658 649 1754 792
pack 0.99 1747 653 1846 790
pack 0.99 1448 637 1533 786
pack 0.99 1571 642 1670 794
pack 0.99 1359 635 1449 778
pack 0.99 1265 630 1352 777
pack 0.99 1175 612 1262 773
pack 0.99 638 880 741 1012
pack 0.99 827 875 924 1016
pack 0.99 660 1109 752 1248
pack 0.99 1994 896 2082 1031
pack 0.99 568 1106 657 1249
pack 0.99 370 1103 473 1242
pack 0.99 472 1108 570 1247
pack 0.99 185 1087 279 1238
pack 0.99 276 1103 378 1249
pack 0.99 2254 920 2331 1041
pack 0.99 2086 902 2169 1035
pack 0.99 2164 904 2247 1043
pack 0.99 1909 888 1989 1033
pack 0.99 1825 890 1908 1031
pack 0.99 1647 893 1735 1029
pack 0.99 1733 894 1820 1029
pack 0.99 1560 890 1650 1026
pack 0.99 1427 893 1516 1032
pack 0.99 1335 893 1433 1029
pack 0.99 1249 882 1345 1019
pack 0.99 1070 888 1164 1021
pack 0.99 1006 611 1086 764
pack 0.99 1091 606 1175 776
pack 0.99 842 622 927 773
pack 0.99 1897 132 1987 289
pack 0.99 735 363 838 511
pack 0.99 537 343 641 500
pack 0.99 636 352 733 505
pack 0.99 343 318 449 492
pack 0.99 438 342 536 495
pack 0.99 231 318 344 489
pack 0.99 142 313 246 492
pack 0.99 2253 142 2339 307
pack 0.99 1798 126 1891 286
pack 0.99 1372 107 1463 264
pack 0.99 1274 102 1371 265
pack 0.99 1173 90 1277 265
pack 0.99 1079 85 1178 260
pack 0.99 975 81 1081 252
pack 0.99 738 73 838 247
pack 0.99 635 65 736 233
pack 0.99 536 64 636 230
pack 0.99 427 64 535 230
pack 0.99 987 381 1081 514
pack 0.99 1083 378 1176 517
pack 0.99 1274 386 1369 524
pack 0.99 646 613 747 760
pack 0.99 745 617 835 765
pack 0.99 540 612 646 759
pack 0.99 351 603 462 750
pack 0.99 447 613 554 759
pack 0.99 255 602 363 752
pack 0.99 165 597 263 749
pack 0.99 71 599 170 749
pack 0.99 2310 418 2391 555
pack 0.99 2127 410 2218 557
pack 0.99 2228 413 2312 554
pack 0.99 2041 405 2127 553
pack 0.99 1777 402 1870 541
pack 0.99 1679 406 1772 541
pack 0.99 1461 392 1544 542
pack 0.99 1367 388 1455 525
pack 0.99 1181 379 1277 523
pack 0.99 754 1106 839 1247
pack 0.99 234 55 328 212
pack 0.99 845 1113 930 1248
pack 0.99 1073 1106 1161 1254
pack 0.99 980 1116 1066 1250
pack 0.99 1632 1121 1718 1257
pack 0.99 1721 1124 1803 1263
pack 0.99 1972 1127 2056 1265
pack 0.99 477 1332 576 1482
pack 0.99 386 1327 481 1479
pack 0.99 571 1344 656 1482
pack 0.99 659 1346 748 1483
pack 0.99 838 1344 925 1478
pack 0.99 746 1346 838 1479
pack 0.99 975 1352 1067 1478
pack 0.99 1066 1359 1157 1478
pack 0.99 1160 1356 1245 1478
pack 0.99 1243 1334 1338 1473
pack 0.99 1342 1330 1435 1477
pack 0.99 1702 1337 1785 1480
pack 0.99 1780 1337 1863 1480
pack 0.99 2031 1354 2116 1485
pack 0.99 587 1577 666 1705
pack 0.99 933 1577 1024 1690
pack 0.99 1340 1113 1421 1254
pack 0.99 1164 1103 1250 1256
pack 0.99 1544 1129 1631 1272
pack 0.99 1887 1130 1975 1262
pack 0.99 1252 1108 1337 1254
pack 0.98 1796 1132 1887 1266
pack 0.98 2141 1115 2225 1263
pack 0.98 987 873 1081 1003
pack 0.98 329 51 427 219
pack 0.98 1530 1336 1622 1471
pack 0.98 1106 1585 1184 1692
pack 0.98 1961 399 2044 551
pack 0.98 1706 120 1797 289
pack 0.98 1619 1339 1698 1477
pack 0.98 323 1570 413 1709
pack 0.98 833 370 929 510
pack 0.98 1950 1351 2037 1480
pack 0.98 1187 1574 1269 1703
pack 0.97 2220 1114 2303 1262
pack 0.97 81 881 175 1014
pack 0.97 1421 1111 1504 1258
pack 0.97 1576 397 1682 560
pack 0.97 1160 885 1249 1019
pack 0.97 841 81 953 255
pack 0.96 411 1574 500 1688
pack 0.96 1990 138 2081 290
pack 0.96 1469 112 1562 282
pack 0.95 223 1543 323 1697
pack 0.95 1021 1537 1109 1696
pack 0.95 1864 388 1955 541
pack 0.94 1684 1574 1766 1691
pack 0.94 1350 1567 1436 1690
pack 0.93 1516 1579 1600 1700
pack 0.93 1438 1573 1518 1699
pack 0.93 1865 1337 1950 1474
pack 0.93 2060 1122 2144 1260
pack 0.9 498 1558 580 1704
