pack 0.99 1455 349 1625 629
pack 0.99 1275 849 1448 1134
pack 0.99 544 826 730 1113
pack 0.99 2312 389 2482 657
pack 0.99 2144 398 2315 654
pack 0.99 1807 331 1980 654
pack 0.99 1956 387 2129 651
pack 0.99 1627 326 1810 633
pack 0.99 1118 338 1288 611
pack 0.99 368 818 556 1105
pack 0.99 1278 344 1459 616
pack 0.99 933 293 1086 596
pack 0.99 2155 891 2321 1153
pack 0.99 568 307 762 590
pack 0.99 764 286 922 596
pack 0.99 385 295 576 588
pack 0.99 11 277 207 568
pack 0.99 190 282 392 570
pack 0.98 729 836 913 1118
pack 0.98 2323 959 2512 1174
pack 0.98 1656 827 1808 1126
pack 0.98 1096 833 1283 1124
pack 0.97 1458 853 1623 1136
pack 0.97 906 824 1104 1117
pack 0.97 181 800 377 1095
pack 0.97 1974 878 2155 1145
