pack 0.99 670 296 795 497
pack 0.99 537 292 670 498
pack 0.99 495 1065 620 1249
pack 0.99 629 1066 753 1257
pack 0.99 234 1054 366 1249
pack 0.99 359 1058 490 1250
pack 0.99 269 290 396 483
pack 0.99 1721 697 1843 898
pack 0.99 402 295 541 491
pack 0.99 1585 698 1715 894
pack 0.99 1335 696 1457 893
pack 0.99 1466 694 1587 891
pack 0.99 1202 692 1327 894
pack 0.99 756 1071 886 1261
pack 0.99 1022 1072 1150 1271
pack 0.99 894 1075 1017 1267
pack 0.99 1151 1076 1282 1271
pack 0.99 1294 1079 1426 1271
pack 0.99 1549 1080 1684 1267
pack 0.99 1062 685 1198 889
pack 0.99 1325 312 1456 511
pack 0.99 1192 304 1324 506
pack 0.99 1714 285 1840 513
pack 0.99 808 263 933 494
pack 0.99 932 264 1068 495
pack 0.99 1069 298 1199 504
pack 0.99 1453 316 1588 513
pack 0.99 1584 282 1708 510
pack 0.99 261 675 388 870
pack 0.99 398 671 524 871
pack 0.99 531 671 655 875
pack 0.99 668 680 790 878
pack 0.99 803 682 924 886
pack 0.99 935 684 1065 888
pack 0.99 752 1796 879 1989
pack 0.99 1431 1417 1558 1630
pack 0.99 1556 1419 1684 1640
pack 0.99 1688 1454 1810 1635
pack 0.99 269 1418 398 1604
pack 0.99 391 1424 516 1613
pack 0.99 637 1432 770 1622
pack 0.99 768 1434 899 1624
pack 0.99 1037 1408 1173 1630
pack 0.99 1397 1765 1525 1982
pack 0.99 1138 1805 1264 1987
pack 0.99 1006 1801 1138 1986
pack 0.99 622 1791 751 1982
pack 0.99 490 1798 622 1972
pack 0.99 359 1752 482 1974
pack 0.99 901 1411 1037 1628
pack 0.98 223 1750 350 1976
pack 0.98 1295 1442 1427 1637
pack 0.98 1531 1797 1666 1981
pack 0.98 508 1411 639 1618
pack 0.97 880 1779 1003 1979
pack 0.97 1665 1787 1789 1980
pack 0.97 1422 1077 1550 1271
pack 0.97 1177 1421 1320 1634
