pack 0.99 431 996 631 1314
pack 0.99 1907 1022 2090 1327
pack 0.99 1288 358 1480 727
pack 0.99 217 389 425 696
pack 0.99 1485 424 1676 722
pack 0.99 661 411 852 715
pack 0.99 204 990 414 1308
pack 0.99 643 1001 837 1318
pack 0.99 862 1011 1053 1325
pack 0.99 1074 1022 1267 1330
pack 0.99 444 402 652 712
pack 0.99 1283 1017 1484 1340
pack 0.99 871 413 1062 718
pack 0.99 1492 1018 1690 1333
pack 0.99 1694 1030 1892 1334
pack 0.99 2492 1021 2676 1324
pack 0.99 2293 1023 2491 1325
pack 0.99 1687 426 1885 727
pack 0.99 1881 433 2080 739
pack 0.99 2077 438 2278 743
pack 0.99 2279 385 2473 734
pack 0.99 2478 386 2668 740
pack 0.99 1624 1622 1827 1926
pack 0.99 1838 1624 2038 1922
pack 0.99 1418 1610 1617 1925
pack 0.99 1211 1620 1409 1928
pack 0.99 1005 1609 1214 1920
pack 0.99 795 1609 990 1915
pack 0.99 576 1613 786 1914
pack 0.99 359 1600 576 1910
pack 0.99 154 1603 369 1906
pack 0.99 2102 1021 2288 1326
pack 0.97 1077 413 1281 736
