pack 0.99 168 879 382 1191
pack 0.99 376 889 587 1195
pack 0.99 1303 278 1508 610
pack 0.99 1732 291 1925 596
pack 0.99 1947 283 2131 591
pack 0.99 2146 287 2331 593
pack 0.99 2341 293 2546 595
pack 0.99 2546 289 2737 600
pack 0.99 1101 278 1291 596
pack 0.99 597 895 800 1188
pack 0.99 816 885 1011 1195
pack 0.99 1019 896 1227 1204
pack 0.99 1238 904 1436 1211
pack 0.99 1442 894 1647 1209
pack 0.99 1655 900 1857 1208
pack 0.99 1874 905 2073 1205
pack 0.99 1517 281 1715 603
pack 0.99 438 263 640 583
pack 0.99 662 261 862 589
pack 0.99 884 275 1075 595
pack 0.99 211 257 420 580
pack 0.99 1040 1479 1241 1779
pack 0.99 2491 1485 2690 1782
pack 0.99 828 1486 1039 1775
pack 0.99 1691 1450 1900 1789
pack 0.99 1884 1452 2090 1786
pack 0.99 1472 1430 1690 1790
pack 0.99 1261 1425 1469 1786
pack 0.99 427 1473 626 1775
pack 0.99 221 1466 432 1771
pack 0.98 629 1435 830 1777
pack 0.98 2098 1440 2290 1780
pack 0.98 2289 1435 2491 1787
