pack 0.99 260 276 386 476
pack 0.99 651 1432 784 1621
pack 0.99 810 670 935 871
pack 0.99 1309 1067 1439 1263
pack 0.99 1438 1066 1575 1260
pack 0.99 1572 1066 1707 1258
pack 0.99 672 666 798 869
pack 0.99 532 661 658 869
pack 0.99 399 665 525 869
pack 0.99 1034 1062 1165 1266
pack 0.99 261 665 385 865
pack 0.99 1166 1063 1295 1266
pack 0.99 1731 263 1855 491
pack 0.99 1598 259 1724 490
pack 0.99 1467 295 1595 493
pack 0.99 1335 288 1466 489
pack 0.99 1075 278 1205 487
pack 0.99 1480 674 1601 875
pack 0.99 942 242 1072 479
pack 0.99 275 1419 400 1609
pack 0.99 399 1429 525 1619
pack 0.99 524 1399 654 1619
pack 0.99 906 1065 1028 1262
pack 0.99 1741 679 1859 877
pack 0.99 1345 678 1465 879
pack 0.99 1206 674 1338 882
pack 0.99 1077 670 1205 877
pack 0.99 941 667 1075 885
pack 0.99 1605 678 1730 876
pack 0.99 240 1052 366 1252
pack 0.99 368 1056 494 1254
pack 0.99 501 1061 629 1253
pack 0.99 635 1059 761 1253
pack 0.99 765 1061 898 1258
pack 0.99 782 1435 911 1624
pack 0.99 1204 280 1334 487
pack 0.99 920 1407 1049 1624
pack 0.99 232 1757 361 1985
pack 0.99 371 1761 495 1986
pack 0.99 1055 1406 1187 1629
pack 0.99 632 1801 759 1984
pack 0.99 767 1803 894 1992
pack 0.99 1021 1807 1154 1991
pack 0.99 1162 1808 1286 1993
pack 0.99 1692 1783 1820 1978
pack 0.99 675 280 801 483
pack 0.99 539 278 667 485
pack 0.99 400 279 538 483
pack 0.99 500 1801 632 1981
pack 0.99 1573 1414 1707 1635
pack 0.99 1316 1417 1451 1629
pack 0.99 1456 1411 1579 1626
pack 0.99 1196 1413 1335 1634
pack 0.98 1712 1440 1838 1626
pack 0.98 805 248 939 486
pack 0.97 1422 1769 1554 1989
pack 0.97 1551 1787 1692 1975
pack 0.96 898 1799 1023 1985
pack 0.9 1187 2060 1311 2111
