pack 0.99 1089 1205 1284 1488
pack 0.99 1268 637 1456 943
pack 0.99 885 1207 1085 1487
pack 0.99 511 1191 698 1483
pack 0.99 1458 626 1662 943
pack 0.99 2517 1213 2708 1483
pack 0.99 2306 1164 2500 1501
pack 0.99 2115 1161 2301 1490
pack 0.99 1900 1187 2096 1492
pack 0.99 1671 633 1870 933
pack 0.99 1720 1191 1915 1496
pack 0.99 1507 1162 1702 1487
pack 0.99 1303 1155 1501 1492
pack 0.99 1892 632 2082 928
pack 0.99 247 638 442 935
pack 0.99 652 646 845 937
pack 0.99 447 644 633 934
pack 0.99 858 636 1048 933
pack 0.99 1055 640 1259 938
pack 0.99 873 1749 1065 2038
pack 0.99 481 27 662 352
pack 0.99 689 29 876 346
pack 0.99 898 30 1088 349
pack 0.99 1111 28 1297 345
pack 0.99 2478 1744 2673 2038
pack 0.99 2271 1743 2474 2035
pack 0.99 2063 1702 2257 2029
pack 0.99 1660 1762 1846 2039
pack 0.99 1532 24 1719 353
pack 0.99 1321 25 1515 342
pack 0.99 1075 1751 1260 2039
pack 0.99 667 1757 869 2037
pack 0.99 471 1703 655 2033
pack 0.99 1734 23 1929 348
pack 0.99 1954 19 2140 335
pack 0.99 2157 8 2346 333
pack 0.99 2353 8 2561 319
pack 0.98 2088 635 2297 928
pack 0.98 247 38 450 348
pack 0.98 320 1192 512 1484
pack 0.98 694 1160 887 1488
pack 0.98 1454 1764 1660 2035
pack 0.98 267 1708 458 2022
pack 0.96 2294 651 2497 912
pack 0.95 1270 1741 1455 2037
