pack 0.99 1678 681 1849 957
pack 0.99 1863 680 2033 959
pack 0.99 323 670 506 950
pack 0.99 530 668 700 958
pack 0.99 917 673 1094 967
pack 0.99 724 664 895 961
pack 0.99 1102 677 1284 964
pack 0.99 1486 680 1664 967
pack 0.99 1296 681 1479 975
pack 0.99 1043 1224 1238 1508
pack 0.99 2048 676 2214 958
pack 0.99 2224 683 2399 952
pack 0.99 2404 684 2570 953
pack 0.99 289 1225 470 1502
pack 0.99 464 1226 657 1499
pack 0.99 665 1225 853 1504
pack 0.99 857 1228 1040 1501
pack 0.99 527 120 719 410
pack 0.99 321 114 508 397
pack 0.99 720 128 909 417
pack 0.99 908 138 1096 413
pack 0.99 1106 72 1288 418
pack 0.99 1476 132 1656 415
pack 0.99 1291 74 1473 422
pack 0.99 1661 138 1844 413
pack 0.99 1838 146 2020 418
pack 0.99 2014 154 2201 423
pack 0.99 2385 93 2565 421
pack 0.99 2208 94 2383 418
pack 0.99 1247 1225 1418 1513
pack 0.99 331 1745 521 2020
pack 0.99 507 1748 690 2027
pack 0.99 868 1756 1057 2028
pack 0.99 1810 1232 1992 1499
pack 0.99 688 1706 873 2020
pack 0.99 1616 1230 1790 1502
pack 0.99 1421 1226 1603 1513
pack 0.99 1065 1756 1250 2026
pack 0.99 1445 1700 1646 2031
pack 0.99 1818 1718 2007 2032
pack 0.99 2012 1701 2181 2023
pack 0.99 1260 1698 1450 2029
pack 0.98 1639 1697 1830 2032
pack 0.98 2368 1750 2541 2020
pack 0.95 2173 1247 2357 1493
pack 0.9 2186 1704 2338 2029
