pack 0.99 138 895 364 1223
pack 0.99 809 914 1031 1239
pack 0.99 1480 255 1699 620
pack 0.99 1959 265 2179 602
pack 0.99 1716 266 1941 605
pack 0.99 362 909 583 1237
pack 0.99 584 857 804 1233
pack 0.99 1038 915 1259 1236
pack 0.99 1281 854 1504 1241
pack 0.99 1751 905 1969 1253
pack 0.99 1514 865 1729 1238
pack 0.99 1961 901 2184 1247
pack 0.99 2405 864 2621 1254
pack 0.99 1256 258 1469 614
pack 0.99 1010 256 1235 607
pack 0.99 773 254 991 594
pack 0.99 55 242 287 583
pack 0.99 540 252 763 596
pack 0.99 2186 261 2420 611
pack 0.99 297 250 520 595
pack 0.99 2193 863 2404 1233
pack 0.99 78 1495 295 1865
pack 0.99 2345 1533 2571 1842
pack 0.99 2135 1474 2349 1850
pack 0.99 1449 1562 1663 1858
pack 0.99 1679 1559 1880 1861
pack 0.99 775 1544 988 1869
pack 0.99 1004 1544 1220 1868
pack 0.99 309 1491 527 1872
pack 0.99 542 1549 770 1875
pack 0.96 2420 307 2647 584
pack 0.96 2577 1549 2803 1848
pack 0.92 1226 1464 1439 1866
