pack 0.99 1047 1050 1248 1356
pack 0.99 1254 415 1454 761
pack 0.99 1692 420 1896 752
pack 0.99 1921 423 2127 741
pack 0.99 2357 992 2560 1357
pack 0.99 2579 1043 2786 1346
pack 0.99 2154 992 2358 1346
pack 0.99 1940 1028 2145 1358
pack 0.99 1730 1034 1947 1371
pack 0.99 1498 994 1709 1355
pack 0.99 825 1048 1037 1360
pack 0.99 603 993 818 1346
pack 0.99 404 1047 612 1355
pack 0.99 186 1037 400 1352
pack 0.99 1455 410 1672 756
pack 0.99 2134 413 2356 749
pack 0.99 1015 424 1227 756
pack 0.99 563 415 782 755
pack 0.99 2540 1631 2751 1929
pack 0.99 327 420 545 745
pack 0.99 103 412 335 747
pack 0.99 795 419 992 746
pack 0.98 556 1696 798 1974
pack 0.98 1273 985 1493 1354
pack 0.98 2096 1578 2312 1946
pack 0.98 795 1654 998 1972
pack 0.97 2307 1632 2534 1946
pack 0.97 118 1607 335 1945
pack 0.94 1012 1654 1230 1970
pack 0.93 346 1601 555 1898
