pack 0.99 980 696 1203 1039
pack 0.99 754 691 965 1027
pack 0.99 1663 709 1876 1033
pack 0.99 1222 710 1423 1049
pack 0.99 1435 699 1651 1044
pack 0.99 532 690 748 1016
pack 0.99 288 685 509 1020
pack 0.99 1899 709 2113 1035
pack 0.99 66 679 296 1009
pack 0.99 2199 32 2405 377
pack 0.99 2411 35 2627 371
pack 0.99 1748 44 1956 378
pack 0.99 1976 40 2183 377
pack 0.99 1522 39 1734 378
pack 0.99 1068 32 1273 376
pack 0.99 1286 30 1504 386
pack 0.99 829 24 1040 374
pack 0.99 595 5 802 352
pack 0.99 342 0 566 358
pack 0.99 1695 1322 1915 1661
pack 0.99 346 1318 559 1642
pack 0.99 1456 1270 1684 1657
pack 0.99 1237 1268 1462 1658
pack 0.99 779 1324 1003 1651
pack 0.99 1003 1332 1223 1650
pack 0.99 562 1267 777 1639
pack 0.99 124 1311 357 1629
pack 0.99 1907 1319 2118 1660
pack 0.99 2128 1281 2335 1654
pack 0.99 2341 1290 2546 1660
pack 0.98 2115 694 2335 1038
pack 0.97 2340 744 2557 1024
pack 0.97 108 2 322 347
pack 0.93 2551 1363 2770 1642
