pack 0.99 2354 309 2565 630
pack 0.99 1275 293 1490 639
pack 0.99 539 928 750 1235
pack 0.99 307 915 528 1239
pack 0.99 2562 314 2761 633
pack 0.99 2150 304 2342 631
pack 0.99 1940 303 2139 626
pack 0.99 1718 306 1923 629
pack 0.99 1503 302 1705 632
pack 0.99 1055 293 1265 625
pack 0.99 984 923 1202 1248
pack 0.99 832 283 1032 622
pack 0.99 373 271 589 604
pack 0.99 610 277 812 611
pack 0.99 155 261 354 599
pack 0.99 1863 942 2070 1251
pack 0.99 1635 941 1848 1257
pack 0.99 1411 930 1628 1257
pack 0.98 762 930 971 1235
pack 0.98 95 913 312 1233
pack 0.95 1205 960 1410 1256
