pack 0.99 1277 1311 1494 1654
pack 0.99 386 661 607 981
pack 0.99 146 645 362 970
pack 0.99 1920 678 2139 1009
pack 0.99 355 1293 572 1629
pack 0.99 138 1293 342 1627
pack 0.99 593 1297 806 1631
pack 0.99 822 1302 1038 1640
pack 0.99 1046 1313 1263 1647
pack 0.99 833 669 1044 998
pack 0.99 1501 1313 1724 1651
pack 0.99 1725 1316 1940 1645
pack 0.99 1954 1313 2158 1637
pack 0.99 1062 607 1271 1013
pack 0.99 2376 1304 2591 1634
pack 0.99 2165 1299 2374 1641
pack 0.99 2136 678 2359 1006
pack 0.99 1279 607 1493 1022
pack 0.99 1497 666 1704 1007
pack 0.99 1713 668 1925 998
pack 0.99 2355 619 2558 996
pack 0.99 613 666 819 995
pack 0.98 2571 623 2774 985
